#!SbcSavedTrendFile;Version_4;Html5Runtime_V3.0;
#!SBC trends log file generated on: 03.10.2023 13:15:20;
10;
3501-RT503	-20	100	255,0,0;
3201-RT401	-20	100	0,64,0;
3201-RT501	-20	100	0,0,128;
3501-RT401	-20	100	128,0,128;
3501-RT504	-20	100	255,255,0;
3501-RT001	-10	50	255,128,128;
3501-RT002	-20	100	0,255,0;
3501-RP001	-10	50	0,0,255;
3501-RP002	-10	50	255,128,192;
BC-RN001	-20	100	255,255,128;

#!(s);Date;Time;3501-RT503;3201-RT401;3201-RT501;3501-RT401;3501-RT504;3501-RT001;3501-RT002;3501-RP001;3501-RP002;BC-RN001;
1690761660;31.07.2023;00:01:00;17;29;18;2;8;17;17;40;40;21;
1690765260;31.07.2023;01:01:00;17;29;18;1;8;17;17;40;40;21;
1690768860;31.07.2023;02:01:00;17;29;18;1;7;17;17;40;40;21;
1690772460;31.07.2023;03:01:00;17;29;18;1;7;17;17;40;40;21;
1690776060;31.07.2023;04:01:00;17;28;17;0;6;17;17;40;40;21;
1690779660;31.07.2023;05:01:00;17;28;17;0;6;16;17;40;40;21;
1690783260;31.07.2023;06:01:00;17;28;17;0;5;16;17;40;40;21;
1690786860;31.07.2023;07:01:00;17;28;17;0;5;16;17;40;40;21;
1690790460;31.07.2023;08:01:00;17;28;17;0;6;16;17;40;40;21;
1690794060;31.07.2023;09:01:00;17;28;17;0;6;16;17;40;40;21;
1690797660;31.07.2023;10:01:00;17;28;17;1;7;16;17;40;40;21;
1690801260;31.07.2023;11:01:00;17;29;17;1;8;16;17;40;40;21;
1690804860;31.07.2023;12:01:00;17;29;17;2;8;16;17;40;40;21;
1690808460;31.07.2023;13:01:00;17;29;17;2;9;16;17;40;40;18;
1690812060;31.07.2023;14:01:00;17;29;17;3;10;17;17;40;40;19;
1690815660;31.07.2023;15:01:00;17;30;18;4;11;17;17;40;40;18;
1690819260;31.07.2023;16:01:00;17;30;18;5;12;17;17;40;40;18;
1690822860;31.07.2023;17:01:00;17;31;18;6;13;17;17;40;40;18;
1690826460;31.07.2023;18:01:00;17;31;18;5;13;17;17;40;40;18;
1690830060;31.07.2023;19:01:00;17;31;18;5;13;17;17;40;40;18;
1690833660;31.07.2023;20:01:00;18;30;18;5;12;17;17;40;40;18;
1690837260;31.07.2023;21:01:00;17;30;18;4;11;17;17;40;40;18;
1690840860;31.07.2023;22:01:00;17;30;18;3;10;17;17;40;40;18;
1690844460;31.07.2023;23:01:00;17;29;18;2;8;17;17;40;40;18;
1690848060;01.08.2023;00:01:00;17;29;18;1;7;17;17;40;40;18;
1690851660;01.08.2023;01:01:00;17;29;18;1;7;17;17;40;40;18;
1690855260;01.08.2023;02:01:00;17;28;18;0;6;17;17;40;40;18;
1690858860;01.08.2023;03:01:00;17;28;18;0;5;17;17;40;40;18;
1690862460;01.08.2023;04:01:00;17;23;17;2;5;17;17;40;40;18;
1690866060;01.08.2023;05:01:00;16;22;17;2;5;16;17;40;40;18;
1690869660;01.08.2023;06:01:00;16;22;16;2;5;16;16;40;40;18;
1690873260;01.08.2023;07:01:00;16;22;16;2;5;16;16;40;40;18;
1690876860;01.08.2023;08:01:00;15;22;16;2;6;15;16;40;40;18;
1690880460;01.08.2023;09:01:00;16;27;16;0;6;16;16;40;40;18;
1690884060;01.08.2023;10:01:00;16;27;17;1;7;16;16;40;40;18;
1690887660;01.08.2023;11:01:00;17;28;17;1;7;16;16;40;40;18;
1690891260;01.08.2023;12:01:00;17;28;17;1;7;16;17;40;40;18;
1690894860;01.08.2023;13:01:00;17;29;17;1;8;16;17;40;40;18;
1690898460;01.08.2023;14:01:00;17;29;17;3;10;16;17;40;40;18;
1690902060;01.08.2023;15:01:00;17;30;18;5;13;16;17;40;40;17;
1690905660;01.08.2023;16:01:00;17;31;18;6;14;17;17;40;40;17;
1690909260;01.08.2023;17:01:00;17;31;18;6;14;17;17;40;40;17;
1690912860;01.08.2023;18:01:00;17;31;18;6;13;17;17;40;40;17;
1690916460;01.08.2023;19:01:00;18;31;18;6;13;17;17;40;40;17;
1690920060;01.08.2023;20:01:00;18;31;18;5;13;17;17;40;40;17;
1690923660;01.08.2023;21:01:00;18;30;18;4;11;17;17;40;40;17;
1690927260;01.08.2023;22:01:00;18;30;18;3;10;17;17;40;40;17;
1690930860;01.08.2023;23:01:00;17;30;18;3;9;17;17;40;40;17;
1690934460;02.08.2023;00:01:00;17;29;18;2;8;17;17;40;40;17;
1690938060;02.08.2023;01:01:00;17;29;18;1;8;17;17;40;40;17;
1690941660;02.08.2023;02:01:00;17;29;18;1;7;17;17;40;40;17;
1690945260;02.08.2023;03:01:00;17;29;18;1;7;17;17;40;40;17;
1690948860;02.08.2023;04:01:00;17;28;18;0;6;17;17;40;40;17;
1690952460;02.08.2023;05:01:00;17;28;18;0;6;17;17;40;40;17;
1690956060;02.08.2023;06:01:00;17;28;18;0;5;17;17;40;40;17;
1690959660;02.08.2023;07:01:00;17;28;18;0;5;17;17;40;40;17;
1690963260;02.08.2023;08:01:00;17;28;17;0;5;17;17;40;40;17;
1690966860;02.08.2023;09:01:00;17;28;17;0;6;17;17;40;40;17;
1690970460;02.08.2023;10:01:00;17;28;17;1;7;17;17;40;40;17;
1690974060;02.08.2023;11:01:00;17;29;18;1;8;17;17;40;40;17;
1690977660;02.08.2023;12:01:00;17;29;18;2;9;17;17;40;40;17;
1690981260;02.08.2023;13:01:00;17;30;18;3;10;17;17;40;40;17;
1690984860;02.08.2023;14:01:00;17;30;18;4;11;17;17;40;40;17;
1690988460;02.08.2023;15:01:00;18;31;18;6;13;17;17;40;40;17;
1690992060;02.08.2023;16:01:00;18;31;18;7;14;17;17;40;40;16;
1690995660;02.08.2023;17:01:00;18;32;18;8;15;17;17;40;40;16;
1690999260;02.08.2023;18:01:00;18;32;18;8;16;17;18;40;40;16;
1691002860;02.08.2023;19:01:00;18;32;19;8;16;17;18;40;40;16;
1691006460;02.08.2023;20:01:00;18;32;18;7;14;17;18;40;40;16;
1691010060;02.08.2023;21:01:00;18;31;18;6;13;17;18;40;40;16;
1691013660;02.08.2023;22:01:00;18;31;18;5;12;17;18;40;40;16;
1691017260;02.08.2023;23:01:00;18;30;18;3;10;17;18;40;40;16;
1691020860;03.08.2023;00:01:00;18;30;18;2;9;17;18;40;40;16;
1691024460;03.08.2023;01:01:00;18;29;18;2;8;17;17;40;40;16;
1691028060;03.08.2023;02:01:00;18;29;18;1;7;17;17;40;40;16;
1691031660;03.08.2023;03:01:00;18;29;18;1;7;17;17;40;40;16;
1691035260;03.08.2023;04:01:00;17;29;18;0;6;17;17;40;40;16;
1691038860;03.08.2023;05:01:00;17;29;18;0;6;17;17;40;40;16;
1691042460;03.08.2023;06:01:00;17;28;18;0;6;17;17;40;40;16;
1691046060;03.08.2023;07:01:00;17;28;18;0;6;17;17;40;40;16;
1691049660;03.08.2023;08:01:00;17;28;18;0;6;17;17;40;40;16;
1691053260;03.08.2023;09:01:00;17;28;18;1;6;17;17;40;40;16;
1691056860;03.08.2023;10:01:00;17;29;18;1;7;17;17;40;40;16;
1691060460;03.08.2023;11:01:00;17;29;18;2;8;17;17;40;40;16;
1691064060;03.08.2023;12:01:00;17;30;18;3;10;17;17;40;40;16;
1691067660;03.08.2023;13:01:00;18;30;18;4;12;17;17;40;40;16;
1691071260;03.08.2023;14:01:00;18;31;18;6;13;17;17;40;40;16;
1691074860;03.08.2023;15:01:00;18;31;18;6;14;17;18;40;40;16;
1691078460;03.08.2023;16:01:00;18;31;18;6;14;17;18;40;40;16;
1691082060;03.08.2023;17:01:00;18;32;18;7;14;17;18;40;40;16;
1691085660;03.08.2023;18:01:00;18;32;19;6;14;17;18;40;40;16;
1691089260;03.08.2023;19:01:00;18;32;19;6;14;18;18;40;40;16;
1691092860;03.08.2023;20:01:00;18;31;19;6;13;18;18;40;40;16;
1691096460;03.08.2023;21:01:00;18;31;19;5;12;18;18;40;40;16;
1691100060;03.08.2023;22:01:00;18;31;19;4;11;18;18;40;40;16;
1691103660;03.08.2023;23:01:00;18;30;18;3;9;17;18;40;40;16;
1691107260;04.08.2023;00:01:00;18;30;18;2;8;17;18;40;40;16;
1691110860;04.08.2023;01:01:00;18;29;18;1;7;17;18;40;40;16;
1691114460;04.08.2023;02:01:00;18;29;18;0;7;17;18;40;40;16;
1691118060;04.08.2023;03:01:00;18;29;18;0;6;17;18;40;40;16;
1691121660;04.08.2023;04:01:00;18;28;18;0;5;17;17;40;40;16;
1691125260;04.08.2023;05:01:00;17;28;18;0;5;17;17;40;40;16;
1691128860;04.08.2023;06:01:00;17;28;18;0;5;17;17;40;40;16;
1691132460;04.08.2023;07:01:00;17;28;18;0;5;17;17;40;40;16;
1691136060;04.08.2023;08:01:00;17;28;18;0;5;17;17;40;40;16;
1691139660;04.08.2023;09:01:00;17;28;18;0;6;17;17;40;40;16;
1691143260;04.08.2023;10:01:00;17;29;18;1;7;17;17;40;40;16;
1691146860;04.08.2023;11:01:00;17;29;18;1;7;17;17;40;40;16;
1691150460;04.08.2023;12:01:00;17;29;18;2;8;17;17;40;40;16;
1691154060;04.08.2023;13:01:00;18;30;18;2;9;17;17;40;40;16;
1691157660;04.08.2023;14:01:00;18;30;18;3;10;17;17;40;40;16;
1691161260;04.08.2023;15:01:00;18;30;18;4;11;17;17;40;40;16;
1691164860;04.08.2023;16:01:00;18;31;18;5;12;17;17;40;40;16;
1691168460;04.08.2023;17:01:00;18;31;18;6;13;17;18;40;40;16;
1691172060;04.08.2023;18:01:00;18;31;18;5;12;17;18;40;40;16;
1691175660;04.08.2023;19:01:00;18;31;18;4;12;18;18;40;40;16;
1691179260;04.08.2023;20:01:00;18;31;18;4;11;18;18;40;40;16;
1691182860;04.08.2023;21:01:00;18;30;18;4;10;18;18;40;40;15;
1691186460;04.08.2023;22:01:00;18;30;18;3;10;17;18;40;40;16;
1691190060;04.08.2023;23:01:00;18;30;18;2;9;17;18;40;40;16;
1691193660;05.08.2023;00:01:00;18;29;18;2;8;17;18;40;40;16;
1691197260;05.08.2023;01:01:00;18;29;18;1;7;17;18;40;40;16;
1691200860;05.08.2023;02:01:00;18;29;18;1;7;17;18;40;40;16;
1691204460;05.08.2023;03:01:00;18;29;18;1;7;17;18;40;40;16;
1691208060;05.08.2023;04:01:00;18;29;18;0;7;17;18;40;40;16;
1691211660;05.08.2023;05:01:00;18;29;18;0;6;17;18;40;40;16;
1691215260;05.08.2023;06:01:00;18;28;18;0;6;17;17;40;40;16;
1691218860;05.08.2023;07:01:00;17;28;18;0;5;17;17;40;40;16;
1691222460;05.08.2023;08:01:00;17;28;18;0;6;17;17;40;40;16;
1691226060;05.08.2023;09:01:00;17;28;18;0;6;17;17;40;40;16;
1691229660;05.08.2023;10:01:00;17;29;18;1;7;17;17;40;40;16;
1691233260;05.08.2023;11:01:00;18;29;18;2;8;17;17;40;40;16;
1691236860;05.08.2023;12:01:00;18;30;18;2;9;17;18;40;40;16;
1691240460;05.08.2023;13:01:00;18;30;18;3;10;17;17;40;40;16;
1691244060;05.08.2023;14:01:00;18;30;18;4;11;17;18;40;40;16;
1691247660;05.08.2023;15:01:00;18;31;18;5;12;17;18;40;40;16;
1691251260;05.08.2023;16:01:00;18;31;18;5;13;17;18;40;40;15;
1691254860;05.08.2023;17:01:00;18;31;19;4;11;18;18;40;40;15;
1691258460;05.08.2023;18:01:00;18;30;18;2;9;18;18;40;40;15;
1691262060;05.08.2023;19:01:00;18;30;18;2;8;17;18;40;40;15;
1691265660;05.08.2023;20:01:00;18;30;18;2;8;17;18;40;40;15;
1691269260;05.08.2023;21:01:00;18;29;18;1;7;17;18;40;40;15;
1691272860;05.08.2023;22:01:00;18;29;18;1;7;17;18;40;40;15;
1691276460;05.08.2023;23:01:00;18;29;18;0;6;17;18;40;40;15;
1691280060;06.08.2023;00:01:00;18;28;18;0;5;17;18;40;40;16;
1691283660;06.08.2023;01:01:00;17;23;17;2;5;17;17;40;40;16;
1691287260;06.08.2023;02:01:00;16;22;17;1;5;17;17;40;40;16;
1691290860;06.08.2023;03:01:00;16;22;17;1;4;16;17;40;40;15;
1691294460;06.08.2023;04:01:00;16;22;17;2;5;16;17;40;40;15;
1691298060;06.08.2023;05:01:00;16;22;16;2;5;16;16;40;40;15;
1691301660;06.08.2023;06:01:00;16;22;16;2;5;16;16;40;40;15;
1691305260;06.08.2023;07:01:00;16;22;16;2;5;16;16;40;40;15;
1691308860;06.08.2023;08:01:00;16;22;16;2;6;16;16;40;40;15;
1691312460;06.08.2023;09:01:00;16;27;17;0;6;16;16;40;40;15;
1691316060;06.08.2023;10:01:00;17;28;17;0;6;16;17;40;40;15;
1691319660;06.08.2023;11:01:00;17;28;17;1;7;16;17;40;40;15;
1691323260;06.08.2023;12:01:00;17;29;17;2;8;17;17;40;40;15;
1691326860;06.08.2023;13:01:00;17;29;18;3;9;17;17;40;40;15;
1691330460;06.08.2023;14:01:00;17;30;18;4;10;17;17;40;40;15;
1691334060;06.08.2023;15:01:00;17;30;18;4;11;17;17;40;40;15;
1691337660;06.08.2023;16:01:00;18;31;18;5;12;17;17;40;40;15;
1691341260;06.08.2023;17:01:00;18;31;18;5;12;17;17;40;40;15;
1691344860;06.08.2023;18:01:00;18;30;18;4;11;17;18;40;40;15;
1691348460;06.08.2023;19:01:00;18;30;18;4;11;17;18;40;40;15;
1691352060;06.08.2023;20:01:00;18;30;18;3;10;17;18;40;40;15;
1691355660;06.08.2023;21:01:00;18;30;18;3;10;17;18;40;40;15;
1691359260;06.08.2023;22:01:00;18;30;18;2;9;17;18;40;40;15;
1691362860;06.08.2023;23:01:00;18;30;18;2;8;17;18;40;40;15;
1691366460;07.08.2023;00:01:00;18;29;18;1;8;17;18;40;40;15;
1691370060;07.08.2023;01:01:00;18;29;18;1;7;17;18;40;40;15;
1691373660;07.08.2023;02:01:00;18;29;18;1;7;17;18;40;40;15;
1691377260;07.08.2023;03:01:00;18;29;18;1;7;17;18;40;40;15;
1691380860;07.08.2023;04:01:00;18;29;18;1;7;17;18;40;40;15;
1691384460;07.08.2023;05:01:00;18;29;18;1;7;17;18;40;40;15;
1691388060;07.08.2023;06:01:00;18;29;18;1;7;17;18;40;40;15;
1691391660;07.08.2023;07:01:00;18;29;18;0;7;17;18;40;40;15;
1691395260;07.08.2023;08:01:00;18;29;18;0;7;17;18;40;40;15;
1691398860;07.08.2023;09:01:00;18;29;18;0;7;17;18;40;40;15;
1691402460;07.08.2023;10:01:00;18;29;18;0;6;17;18;40;40;15;
1691406060;07.08.2023;11:01:00;18;29;18;0;7;17;18;40;40;15;
1691409660;07.08.2023;12:01:00;18;29;18;1;7;17;18;40;40;15;
1691413260;07.08.2023;13:01:00;18;29;18;1;8;17;18;40;40;15;
1691416860;07.08.2023;14:01:00;18;29;18;2;8;17;18;40;40;15;
1691420460;07.08.2023;15:01:00;18;29;18;2;8;17;18;40;40;15;
1691424060;07.08.2023;16:01:00;18;30;18;2;9;17;18;40;40;15;
1691427660;07.08.2023;17:01:00;18;30;18;2;9;17;18;40;40;15;
1691431260;07.08.2023;18:01:00;18;30;18;2;9;17;18;40;40;15;
1691434860;07.08.2023;19:01:00;18;30;18;2;9;17;18;40;40;15;
1691438460;07.08.2023;20:01:00;18;30;18;2;9;17;18;40;40;15;
1691442060;07.08.2023;21:01:00;18;30;18;2;9;17;18;40;40;15;
1691445660;07.08.2023;22:01:00;18;30;18;2;8;17;18;40;40;15;
1691449260;07.08.2023;23:01:00;18;30;18;2;8;17;18;40;40;15;
1691452860;08.08.2023;00:01:00;18;29;18;2;8;17;18;40;40;15;
1691456460;08.08.2023;01:01:00;18;29;18;1;8;17;18;40;40;15;
1691460060;08.08.2023;02:01:00;18;29;18;1;8;17;18;40;40;15;
1691463660;08.08.2023;03:01:00;18;29;18;1;7;17;18;40;40;15;
1691467260;08.08.2023;04:01:00;18;29;18;1;7;17;18;40;40;15;
1691470860;08.08.2023;05:01:00;18;29;18;0;7;17;18;40;40;15;
1691474460;08.08.2023;06:01:00;18;29;18;0;6;17;18;40;40;15;
1691478060;08.08.2023;07:01:00;18;29;18;0;6;17;18;40;40;14;
1691481660;08.08.2023;08:01:00;18;29;18;0;6;17;18;40;40;15;
1691485260;08.08.2023;09:01:00;18;29;18;0;7;17;18;40;40;14;
1691488860;08.08.2023;10:01:00;18;29;18;1;7;17;18;40;40;14;
1691492460;08.08.2023;11:01:00;18;29;18;1;7;17;18;40;40;14;
1691496060;08.08.2023;12:01:00;18;29;18;2;8;17;18;40;40;14;
1691499660;08.08.2023;13:01:00;18;30;18;2;9;17;18;40;40;14;
1691503260;08.08.2023;14:01:00;18;30;18;3;10;17;18;40;40;14;
1691506860;08.08.2023;15:01:00;18;30;18;3;10;18;18;40;40;14;
1691510460;08.08.2023;16:01:00;18;30;18;4;10;18;18;40;40;14;
1691514060;08.08.2023;17:01:00;18;30;18;4;10;18;18;40;40;14;
1691517660;08.08.2023;18:01:00;18;30;19;4;10;18;18;40;40;14;
1691521260;08.08.2023;19:01:00;18;30;19;3;10;18;18;40;40;14;
1691524860;08.08.2023;20:01:00;18;30;19;3;10;18;18;40;40;14;
1691528460;08.08.2023;21:01:00;18;30;19;3;10;18;18;40;40;14;
1691532060;08.08.2023;22:01:00;18;30;19;3;9;18;18;40;40;14;
1691535660;08.08.2023;23:01:00;18;30;19;2;9;18;18;40;40;14;
1691539260;09.08.2023;00:01:00;18;30;19;2;8;18;18;40;40;14;
1691542860;09.08.2023;01:01:00;18;30;18;1;8;18;18;40;40;14;
1691546460;09.08.2023;02:01:00;18;29;18;1;7;18;18;40;40;14;
1691550060;09.08.2023;03:01:00;18;29;18;1;7;18;18;40;40;14;
1691553660;09.08.2023;04:01:00;18;29;18;0;6;18;18;40;40;14;
1691557260;09.08.2023;05:01:00;18;29;18;0;6;18;18;40;40;14;
1691560860;09.08.2023;06:01:00;18;29;18;0;6;17;18;40;40;14;
1691564460;09.08.2023;07:01:00;18;29;18;0;6;17;18;40;40;14;
1691568060;09.08.2023;08:01:00;18;28;18;0;6;17;18;40;40;14;
1691571660;09.08.2023;09:01:00;18;29;18;0;6;17;18;40;40;14;
1691575260;09.08.2023;10:01:00;18;29;18;0;6;17;18;40;40;14;
1691578860;09.08.2023;11:01:00;18;29;18;1;7;17;18;40;40;14;
1691582460;09.08.2023;12:01:00;18;29;18;1;7;17;18;40;40;14;
1691586060;09.08.2023;13:01:00;18;30;18;2;8;17;18;40;40;14;
1691589660;09.08.2023;14:01:00;18;30;18;2;9;17;18;40;40;14;
1691593260;09.08.2023;15:01:00;18;30;18;3;10;18;18;40;40;14;
1691596860;09.08.2023;16:01:00;18;31;19;4;11;18;18;40;40;14;
1691600460;09.08.2023;17:01:00;18;31;19;5;12;18;18;40;40;14;
1691604060;09.08.2023;18:01:00;18;31;19;5;12;18;18;40;40;14;
1691607660;09.08.2023;19:01:00;18;31;19;4;11;18;18;40;40;14;
1691611260;09.08.2023;20:01:00;18;31;19;4;11;18;18;40;40;14;
1691614860;09.08.2023;21:01:00;18;30;19;3;10;18;18;40;40;14;
1691618460;09.08.2023;22:01:00;18;30;19;2;9;18;18;40;40;14;
1691622060;09.08.2023;23:01:00;18;30;19;1;8;18;18;40;40;14;
1691625660;10.08.2023;00:01:00;18;30;19;1;7;18;18;40;40;14;
1691629260;10.08.2023;01:01:00;18;29;18;0;7;18;18;40;40;14;
1691632860;10.08.2023;02:01:00;18;29;18;0;6;18;18;40;40;14;
1691636460;10.08.2023;03:01:00;18;29;18;0;5;18;18;40;40;14;
1691640060;10.08.2023;04:01:00;18;28;18;0;5;18;18;40;40;14;
1691643660;10.08.2023;05:01:00;18;24;18;2;5;17;18;40;40;14;
1691647260;10.08.2023;06:01:00;17;23;18;2;5;17;17;40;40;14;
1691650860;10.08.2023;07:01:00;17;23;17;2;5;17;17;40;40;14;
1691654460;10.08.2023;08:01:00;17;27;17;0;6;17;17;40;40;14;
1691658060;10.08.2023;09:01:00;17;28;18;0;6;17;17;40;40;14;
1691661660;10.08.2023;10:01:00;17;28;18;0;6;17;17;40;40;14;
1691665260;10.08.2023;11:01:00;17;29;18;1;7;17;17;40;40;14;
1691668860;10.08.2023;12:01:00;18;29;18;2;8;17;18;40;40;14;
1691672460;10.08.2023;13:01:00;18;30;18;2;9;17;18;40;40;14;
1691676060;10.08.2023;14:01:00;18;30;18;3;10;17;18;40;40;14;
1691679660;10.08.2023;15:01:00;18;31;18;4;11;18;18;40;40;14;
1691683260;10.08.2023;16:01:00;18;31;18;4;11;18;18;40;40;14;
1691686860;10.08.2023;17:01:00;18;31;19;4;11;18;18;40;40;14;
1691690460;10.08.2023;18:01:00;18;31;19;5;12;18;18;40;40;14;
1691694060;10.08.2023;19:01:00;18;31;19;4;12;18;18;40;40;14;
1691697660;10.08.2023;20:01:00;18;31;19;4;11;18;18;40;40;13;
1691701260;10.08.2023;21:01:00;18;31;19;3;10;18;18;40;40;14;
1691704860;10.08.2023;22:01:00;18;30;19;2;9;18;18;40;40;13;
1691708460;10.08.2023;23:01:00;18;30;19;2;8;18;18;40;40;13;
1691712060;11.08.2023;00:01:00;18;30;19;1;7;18;18;40;40;14;
1691715660;11.08.2023;01:01:00;18;29;19;1;7;18;18;40;40;14;
1691719260;11.08.2023;02:01:00;18;29;19;0;6;18;18;40;40;14;
1691722860;11.08.2023;03:01:00;18;29;18;0;5;18;18;40;40;14;
1691726460;11.08.2023;04:01:00;18;24;18;2;5;18;18;40;40;14;
1691730060;11.08.2023;05:01:00;17;23;18;2;5;17;18;40;40;14;
1691733660;11.08.2023;06:01:00;17;23;17;2;5;17;17;40;40;14;
1691737260;11.08.2023;07:01:00;17;23;17;2;5;17;17;40;40;14;
1691740860;11.08.2023;08:01:00;16;22;17;2;6;16;17;40;40;14;
1691744460;11.08.2023;09:01:00;17;28;17;0;6;16;17;40;40;14;
1691748060;11.08.2023;10:01:00;17;28;18;0;6;17;17;40;40;14;
1691751660;11.08.2023;11:01:00;17;29;18;1;7;17;17;40;40;14;
1691755260;11.08.2023;12:01:00;18;29;18;3;9;17;17;40;40;14;
1691758860;11.08.2023;13:01:00;18;30;18;4;11;17;18;40;40;13;
1691762460;11.08.2023;14:01:00;18;31;18;6;13;18;18;40;40;13;
1691766060;11.08.2023;15:01:00;18;32;19;6;14;18;18;40;40;13;
1691769660;11.08.2023;16:01:00;18;32;19;7;14;18;18;40;40;13;
1691773260;11.08.2023;17:01:00;18;32;19;7;15;18;18;40;40;13;
1691776860;11.08.2023;18:01:00;19;32;19;7;14;18;18;40;40;13;
1691780460;11.08.2023;19:01:00;19;32;19;6;14;18;18;40;40;13;
1691784060;11.08.2023;20:01:00;19;32;19;5;12;18;18;40;40;13;
1691787660;11.08.2023;21:01:00;19;31;19;4;11;18;18;40;40;13;
1691791260;11.08.2023;22:01:00;18;31;19;3;10;18;18;40;40;13;
1691794860;11.08.2023;23:01:00;18;30;19;2;9;18;18;40;40;13;
1691798460;12.08.2023;00:01:00;18;30;19;2;8;18;18;40;40;14;
1691802060;12.08.2023;01:01:00;18;30;19;1;7;18;18;40;40;13;
1691805660;12.08.2023;02:01:00;18;30;19;1;7;18;18;40;40;13;
1691809260;12.08.2023;03:01:00;18;29;19;1;7;18;18;40;40;13;
1691812860;12.08.2023;04:01:00;18;29;19;0;6;18;18;40;40;14;
1691816460;12.08.2023;05:01:00;18;29;19;0;6;18;18;40;40;13;
1691820060;12.08.2023;06:01:00;18;29;19;0;6;18;18;40;40;13;
1691823660;12.08.2023;07:01:00;18;29;18;0;6;18;18;40;40;14;
1691827260;12.08.2023;08:01:00;18;29;18;0;6;18;18;40;40;13;
1691830860;12.08.2023;09:01:00;18;29;19;0;6;18;18;40;40;13;
1691834460;12.08.2023;10:01:00;18;29;19;1;7;18;18;40;40;14;
1691838060;12.08.2023;11:01:00;18;30;19;1;7;18;18;40;40;13;
1691841660;12.08.2023;12:01:00;18;30;19;2;9;18;18;40;40;14;
1691845260;12.08.2023;13:01:00;18;31;19;4;10;18;18;40;40;13;
1691848860;12.08.2023;14:01:00;18;31;19;4;11;18;18;40;40;13;
1691852460;12.08.2023;15:01:00;18;31;19;5;12;18;18;40;40;13;
1691856060;12.08.2023;16:01:00;19;32;19;6;14;18;18;40;40;13;
1691859660;12.08.2023;17:01:00;19;32;19;7;14;18;18;40;40;13;
1691863260;12.08.2023;18:01:00;19;32;19;7;14;18;19;40;40;13;
1691866860;12.08.2023;19:01:00;19;32;19;6;14;18;19;40;40;13;
1691870460;12.08.2023;20:01:00;19;32;19;5;13;18;19;40;40;13;
1691874060;12.08.2023;21:01:00;19;32;19;5;12;18;19;40;40;13;
1691877660;12.08.2023;22:01:00;19;31;19;4;10;18;19;40;40;13;
1691881260;12.08.2023;23:01:00;19;31;19;3;10;18;19;40;40;13;
1691884860;13.08.2023;00:01:00;19;30;19;2;9;18;19;40;40;13;
1691888460;13.08.2023;01:01:00;19;30;19;2;8;18;18;40;40;13;
1691892060;13.08.2023;02:01:00;18;30;19;1;7;18;18;40;40;14;
1691895660;13.08.2023;03:01:00;18;30;19;1;7;18;18;40;40;14;
1691899260;13.08.2023;04:01:00;18;30;19;0;7;18;18;40;40;14;
1691902860;13.08.2023;05:01:00;18;30;19;0;6;18;18;40;40;13;
1691906460;13.08.2023;06:01:00;18;30;19;0;6;18;18;40;40;13;
1691910060;13.08.2023;07:01:00;18;29;19;0;6;18;18;40;40;13;
1691913660;13.08.2023;08:01:00;18;29;19;0;6;18;18;40;40;14;
1691917260;13.08.2023;09:01:00;18;29;19;0;6;18;18;40;40;13;
1691920860;13.08.2023;10:01:00;18;30;19;1;7;18;18;40;40;13;
1691924460;13.08.2023;11:01:00;18;30;19;1;7;18;18;40;40;13;
1691928060;13.08.2023;12:01:00;18;30;19;2;8;18;18;40;40;13;
1691931660;13.08.2023;13:01:00;18;30;19;2;9;18;18;40;40;13;
1691935260;13.08.2023;14:01:00;18;30;19;3;9;18;18;40;40;13;
1691938860;13.08.2023;15:01:00;18;31;19;4;10;18;18;40;40;13;
1691942460;13.08.2023;16:01:00;19;31;19;4;11;18;18;40;40;13;
1691946060;13.08.2023;17:01:00;19;32;19;5;12;18;18;40;40;13;
1691949660;13.08.2023;18:01:00;19;32;19;5;12;18;19;40;40;13;
1691953260;13.08.2023;19:01:00;19;32;19;5;12;18;19;40;40;13;
1691956860;13.08.2023;20:01:00;19;31;19;4;12;18;19;40;40;13;
1691960460;13.08.2023;21:01:00;19;31;19;4;11;18;19;40;40;13;
1691964060;13.08.2023;22:01:00;19;31;19;3;10;18;19;40;40;13;
1691967660;13.08.2023;23:01:00;19;31;19;3;9;18;19;40;40;13;
1691971260;14.08.2023;00:01:00;19;31;19;2;9;18;19;40;40;13;
1691974860;14.08.2023;01:01:00;19;30;19;2;8;18;19;40;40;13;
1691978460;14.08.2023;02:01:00;19;30;19;1;8;18;19;40;40;13;
1691982060;14.08.2023;03:01:00;18;30;19;1;7;18;19;40;40;13;
1691985660;14.08.2023;04:01:00;18;30;19;1;7;18;19;40;40;13;
1691989260;14.08.2023;05:01:00;18;30;19;1;7;18;18;40;40;13;
1691992860;14.08.2023;06:01:00;18;30;19;0;7;18;18;40;40;13;
1691996460;14.08.2023;07:01:00;18;30;19;0;7;18;18;40;40;13;
1692000060;14.08.2023;08:01:00;18;30;19;0;6;18;18;40;40;13;
1692003660;14.08.2023;09:01:00;18;30;19;0;7;18;18;40;40;13;
1692007260;14.08.2023;10:01:00;18;30;19;1;7;18;18;40;40;13;
1692010860;14.08.2023;11:01:00;18;30;19;2;8;18;18;40;40;13;
1692014460;14.08.2023;12:01:00;18;31;19;3;9;18;18;40;40;13;
1692018060;14.08.2023;13:01:00;19;31;19;4;10;18;18;40;40;13;
1692021660;14.08.2023;14:01:00;19;31;19;5;12;18;18;40;40;13;
1692025260;14.08.2023;15:01:00;19;32;19;5;12;18;19;40;40;13;
1692028860;14.08.2023;16:01:00;19;32;19;5;12;18;19;40;40;13;
1692032460;14.08.2023;17:01:00;19;32;19;5;12;18;19;40;40;13;
1692036060;14.08.2023;18:01:00;19;31;19;4;11;18;19;40;40;13;
1692039660;14.08.2023;19:01:00;19;31;19;4;10;18;19;40;40;13;
1692043260;14.08.2023;20:01:00;19;31;19;3;10;18;19;40;40;13;
1692046860;14.08.2023;21:01:00;19;31;19;3;9;18;19;40;40;13;
1692050460;14.08.2023;22:01:00;19;31;19;2;9;18;19;40;40;13;
1692054060;14.08.2023;23:01:00;19;30;19;2;8;18;19;40;40;13;
1692057660;15.08.2023;00:01:00;19;30;19;1;8;18;19;40;40;13;
1692061260;15.08.2023;01:01:00;19;30;19;1;7;18;19;40;40;13;
1692064860;15.08.2023;02:01:00;19;30;19;1;7;18;19;40;40;13;
1692068460;15.08.2023;03:01:00;19;30;19;1;7;18;19;40;40;13;
1692072060;15.08.2023;04:01:00;18;30;19;1;7;18;19;40;40;13;
1692075660;15.08.2023;05:01:00;18;30;19;0;7;18;19;40;40;13;
1692079260;15.08.2023;06:01:00;18;30;19;0;6;18;19;40;40;13;
1692082860;15.08.2023;07:01:00;18;30;19;0;6;18;19;40;40;13;
1692086460;15.08.2023;08:01:00;18;30;19;0;6;18;18;40;40;13;
1692090060;15.08.2023;09:01:00;18;30;19;0;7;18;18;40;40;13;
1692093660;15.08.2023;10:01:00;18;30;19;1;7;18;18;40;40;13;
1692097260;15.08.2023;11:01:00;18;30;19;1;8;18;18;40;40;13;
1692100860;15.08.2023;12:01:00;18;30;19;2;9;18;18;40;40;13;
1692104460;15.08.2023;13:01:00;19;31;19;3;10;18;19;40;40;13;
1692108060;15.08.2023;14:01:00;19;31;19;3;10;18;19;40;40;13;
1692111660;15.08.2023;15:01:00;19;31;19;3;10;18;19;40;40;13;
1692115260;15.08.2023;16:01:00;19;31;19;3;10;18;19;40;40;13;
1692118860;15.08.2023;17:01:00;19;31;19;3;10;18;19;40;40;13;
1692122460;15.08.2023;18:01:00;19;31;19;3;10;18;19;40;40;13;
1692126060;15.08.2023;19:01:00;19;31;19;3;10;18;19;40;40;13;
1692129660;15.08.2023;20:01:00;19;31;19;3;10;18;19;40;40;13;
1692133260;15.08.2023;21:01:00;19;31;19;3;10;18;19;40;40;13;
1692136860;15.08.2023;22:01:00;19;31;19;3;9;18;19;40;40;13;
1692140460;15.08.2023;23:01:00;19;31;19;3;9;18;19;40;40;13;
1692144060;16.08.2023;00:01:00;19;31;19;2;9;18;19;40;40;13;
1692147660;16.08.2023;01:01:00;19;31;19;2;9;18;19;40;40;13;
1692151260;16.08.2023;02:01:00;19;31;19;2;9;18;19;40;40;13;
1692154860;16.08.2023;03:01:00;19;30;19;2;8;18;19;40;40;13;
1692158460;16.08.2023;04:01:00;19;30;19;2;8;18;19;40;40;13;
1692162060;16.08.2023;05:01:00;19;30;19;1;8;18;19;40;40;13;
1692165660;16.08.2023;06:01:00;19;30;19;1;7;18;19;40;40;13;
1692169260;16.08.2023;07:01:00;19;30;19;1;7;18;19;40;40;13;
1692172860;16.08.2023;08:01:00;19;30;19;0;6;18;19;40;40;13;
1692176460;16.08.2023;09:01:00;19;30;19;1;7;18;19;40;40;13;
1692180060;16.08.2023;10:01:00;18;30;19;1;7;18;19;40;40;13;
1692183660;16.08.2023;11:01:00;19;30;19;1;8;18;19;40;40;13;
1692187260;16.08.2023;12:01:00;19;30;19;2;9;18;19;40;40;13;
1692190860;16.08.2023;13:01:00;19;31;19;4;11;18;19;40;40;13;
1692194460;16.08.2023;14:01:00;19;32;19;5;12;18;19;40;40;12;
1692198060;16.08.2023;15:01:00;19;32;19;6;14;18;19;40;40;12;
1692201660;16.08.2023;16:01:00;19;33;20;7;15;19;19;40;40;12;
1692205260;16.08.2023;17:01:00;19;33;20;7;14;19;19;40;40;12;
1692208860;16.08.2023;18:01:00;19;33;20;7;15;19;19;40;40;12;
1692212460;16.08.2023;19:01:00;19;33;20;7;14;19;19;40;40;12;
1692216060;16.08.2023;20:01:00;19;32;20;6;13;19;19;40;40;12;
1692219660;16.08.2023;21:01:00;19;32;20;5;12;19;19;40;40;12;
1692223260;16.08.2023;22:01:00;19;32;20;4;11;19;19;40;40;12;
1692226860;16.08.2023;23:01:00;19;31;20;3;10;19;19;40;40;12;
1692230460;17.08.2023;00:01:00;19;31;20;2;8;19;19;40;40;13;
1692234060;17.08.2023;01:01:00;19;31;19;1;7;19;19;40;40;13;
1692237660;17.08.2023;02:01:00;19;30;19;1;7;19;19;40;40;13;
1692241260;17.08.2023;03:01:00;19;30;19;0;6;18;19;40;40;13;
1692244860;17.08.2023;04:01:00;19;30;19;0;6;18;19;40;40;13;
1692248460;17.08.2023;05:01:00;19;29;19;0;6;18;19;40;40;13;
1692252060;17.08.2023;06:01:00;19;29;19;0;5;18;19;40;40;13;
1692255660;17.08.2023;07:01:00;19;29;19;0;5;18;19;40;40;13;
1692259260;17.08.2023;08:01:00;18;29;19;0;6;18;19;40;40;13;
1692262860;17.08.2023;09:01:00;18;29;19;0;6;18;19;40;40;13;
1692266460;17.08.2023;10:01:00;18;30;19;1;7;18;19;40;40;13;
1692270060;17.08.2023;11:01:00;19;30;19;1;8;18;19;40;40;13;
1692273660;17.08.2023;12:01:00;19;31;19;3;9;18;19;40;40;13;
1692277260;17.08.2023;13:01:00;19;31;19;5;12;18;19;40;40;12;
1692280860;17.08.2023;14:01:00;19;32;19;6;14;19;19;40;40;12;
1692284460;17.08.2023;15:01:00;19;33;20;8;15;19;19;40;40;12;
1692288060;17.08.2023;16:01:00;19;33;20;8;16;19;19;40;40;12;
1692291660;17.08.2023;17:01:00;19;34;20;9;17;19;19;40;40;12;
1692295260;17.08.2023;18:01:00;20;34;20;8;16;19;19;40;40;12;
1692298860;17.08.2023;19:01:00;20;33;20;7;15;19;19;40;40;12;
1692302460;17.08.2023;20:01:00;20;33;20;6;14;19;19;40;40;12;
1692306060;17.08.2023;21:01:00;20;32;20;5;12;19;19;40;40;12;
1692309660;17.08.2023;22:01:00;19;32;20;4;11;19;19;40;40;12;
1692313260;17.08.2023;23:01:00;19;31;20;3;9;19;19;40;40;12;
1692316860;18.08.2023;00:01:00;19;31;20;2;8;19;19;40;40;12;
1692320460;18.08.2023;01:01:00;19;31;20;1;7;19;19;40;40;13;
1692324060;18.08.2023;02:01:00;19;30;19;0;6;19;19;40;40;13;
1692327660;18.08.2023;03:01:00;19;30;19;0;6;19;19;40;40;13;
1692331260;18.08.2023;04:01:00;19;29;19;0;5;19;19;40;40;13;
1692334860;18.08.2023;05:01:00;19;29;19;0;5;18;19;40;40;13;
1692338460;18.08.2023;06:01:00;18;24;18;2;5;18;19;40;40;13;
1692342060;18.08.2023;07:01:00;18;24;18;2;5;18;18;40;40;13;
1692345660;18.08.2023;08:01:00;17;24;18;2;6;17;18;40;40;13;
1692349260;18.08.2023;09:01:00;18;29;18;0;6;18;18;40;40;13;
1692352860;18.08.2023;10:01:00;18;29;19;0;6;18;18;40;40;13;
1692356460;18.08.2023;11:01:00;18;30;19;1;8;18;18;40;40;13;
1692360060;18.08.2023;12:01:00;18;31;19;3;9;18;18;40;40;13;
1692363660;18.08.2023;13:01:00;19;31;19;4;10;18;19;40;40;12;
1692367260;18.08.2023;14:01:00;19;32;19;5;12;18;19;40;40;12;
1692370860;18.08.2023;15:01:00;19;32;19;6;14;18;19;40;40;12;
1692374460;18.08.2023;16:01:00;19;33;20;7;15;19;19;40;40;12;
1692378060;18.08.2023;17:01:00;19;33;20;8;15;19;19;40;40;12;
1692381660;18.08.2023;18:01:00;19;33;20;7;15;19;19;40;40;12;
1692385260;18.08.2023;19:01:00;19;33;20;7;15;19;19;40;40;11;
1692388860;18.08.2023;20:01:00;19;33;20;6;13;19;19;40;40;12;
1692392460;18.08.2023;21:01:00;19;32;20;5;12;19;19;40;40;12;
1692396060;18.08.2023;22:01:00;19;32;20;4;11;19;19;40;40;12;
1692399660;18.08.2023;23:01:00;19;31;20;3;10;19;19;40;40;12;
1692403260;19.08.2023;00:01:00;19;31;20;3;9;19;19;40;40;12;
1692406860;19.08.2023;01:01:00;19;31;20;2;9;19;19;40;40;12;
1692410460;19.08.2023;02:01:00;19;31;20;2;8;19;19;40;40;12;
1692414060;19.08.2023;03:01:00;19;31;20;2;8;19;19;40;40;12;
1692417660;19.08.2023;04:01:00;19;31;19;1;8;19;19;40;40;13;
1692421260;19.08.2023;05:01:00;19;31;19;1;8;19;19;40;40;12;
1692424860;19.08.2023;06:01:00;19;30;19;1;7;19;19;40;40;12;
1692428460;19.08.2023;07:01:00;19;30;19;1;7;19;19;40;40;12;
1692432060;19.08.2023;08:01:00;19;30;19;1;7;19;19;40;40;13;
1692435660;19.08.2023;09:01:00;19;30;19;1;8;19;19;40;40;12;
1692439260;19.08.2023;10:01:00;19;30;19;1;8;19;19;40;40;12;
1692442860;19.08.2023;11:01:00;19;31;19;2;8;19;19;40;40;13;
1692446460;19.08.2023;12:01:00;19;31;19;3;9;19;19;40;40;12;
1692450060;19.08.2023;13:01:00;19;31;19;3;10;19;19;40;40;12;
1692453660;19.08.2023;14:01:00;19;32;20;4;11;19;19;40;40;12;
1692457260;19.08.2023;15:01:00;19;32;20;4;12;19;19;40;40;12;
1692460860;19.08.2023;16:01:00;19;32;20;5;11;19;19;40;40;12;
1692464460;19.08.2023;17:01:00;19;32;20;4;11;19;19;40;40;12;
1692468060;19.08.2023;18:01:00;19;32;20;4;11;19;19;40;40;12;
1692471660;19.08.2023;19:01:00;19;32;20;4;10;19;19;40;40;12;
1692475260;19.08.2023;20:01:00;19;31;20;3;10;19;19;40;40;12;
1692478860;19.08.2023;21:01:00;19;31;20;3;10;19;19;40;40;12;
1692482460;19.08.2023;22:01:00;19;31;20;3;9;19;19;40;40;12;
1692486060;19.08.2023;23:01:00;19;31;20;2;9;19;19;40;40;12;
1692489660;20.08.2023;00:01:00;19;31;20;2;9;19;19;40;40;12;
1692493260;20.08.2023;01:01:00;19;31;20;2;8;19;19;40;40;12;
1692496860;20.08.2023;02:01:00;19;31;19;2;8;19;19;40;40;12;
1692500460;20.08.2023;03:01:00;19;31;20;2;8;19;19;40;40;12;
1692504060;20.08.2023;04:01:00;19;31;20;2;8;19;19;40;40;12;
1692507660;20.08.2023;05:01:00;19;31;20;2;9;19;19;40;40;12;
1692511260;20.08.2023;06:01:00;19;31;20;3;9;19;19;40;40;12;
1692514860;20.08.2023;07:01:00;19;31;20;3;9;19;19;40;40;12;
1692518460;20.08.2023;08:01:00;19;31;20;3;10;19;19;40;40;12;
1692522060;20.08.2023;09:01:00;19;31;20;3;9;19;19;40;40;12;
1692525660;20.08.2023;10:01:00;19;31;20;3;9;19;19;40;40;12;
1692529260;20.08.2023;11:01:00;19;31;20;3;10;19;19;40;40;12;
1692532860;20.08.2023;12:01:00;19;31;20;4;10;19;19;40;40;12;
1692536460;20.08.2023;13:01:00;19;32;20;5;12;19;19;40;40;12;
1692540060;20.08.2023;14:01:00;19;32;20;5;13;19;19;40;40;12;
1692543660;20.08.2023;15:01:00;19;32;20;5;12;19;19;40;40;12;
1692547260;20.08.2023;16:01:00;19;32;20;6;13;19;19;40;40;12;
1692550860;20.08.2023;17:01:00;19;32;20;6;13;19;19;40;40;11;
1692554460;20.08.2023;18:01:00;20;32;20;6;13;19;19;40;40;12;
1692558060;20.08.2023;19:01:00;19;32;20;5;12;19;19;40;40;11;
1692561660;20.08.2023;20:01:00;19;32;20;5;12;19;19;40;40;12;
1692565260;20.08.2023;21:01:00;19;32;20;4;11;19;19;40;40;12;
1692568860;20.08.2023;22:01:00;19;32;20;4;10;19;19;40;40;12;
1692572460;20.08.2023;23:01:00;19;31;20;3;10;19;19;40;40;12;
1692576060;21.08.2023;00:01:00;19;31;20;3;9;19;19;40;40;12;
1692579660;21.08.2023;01:01:00;19;31;20;2;9;19;19;40;40;12;
1692583260;21.08.2023;02:01:00;19;31;20;2;9;19;19;40;40;12;
1692586860;21.08.2023;03:01:00;19;31;20;2;8;19;19;40;40;12;
1692590460;21.08.2023;04:01:00;19;31;20;2;8;19;19;40;40;12;
1692594060;21.08.2023;05:01:00;19;31;20;2;8;19;19;40;40;12;
1692597660;21.08.2023;06:01:00;19;31;20;1;8;19;19;40;40;12;
1692601260;21.08.2023;07:01:00;19;31;20;1;8;19;19;40;40;12;
1692604860;21.08.2023;08:01:00;19;31;20;1;8;19;19;40;40;12;
1692608460;21.08.2023;09:01:00;19;31;20;2;8;19;19;40;40;12;
1692612060;21.08.2023;10:01:00;19;31;20;2;8;19;19;40;40;12;
1692615660;21.08.2023;11:01:00;19;31;20;3;9;19;19;40;40;12;
1692619260;21.08.2023;12:01:00;19;32;20;4;11;19;19;40;40;12;
1692622860;21.08.2023;13:01:00;19;32;20;5;13;19;19;40;40;12;
1692626460;21.08.2023;14:01:00;19;33;20;7;14;19;19;40;40;12;
1692630060;21.08.2023;15:01:00;20;33;20;7;15;19;19;40;40;11;
1692633660;21.08.2023;16:01:00;20;33;20;7;15;19;19;40;40;11;
1692637260;21.08.2023;17:01:00;20;33;20;7;15;19;20;40;40;11;
1692640860;21.08.2023;18:01:00;20;33;20;7;15;19;20;40;40;11;
1692644460;21.08.2023;19:01:00;20;33;20;6;14;19;20;40;40;11;
1692648060;21.08.2023;20:01:00;20;33;20;5;13;19;20;40;40;11;
1692651660;21.08.2023;21:01:00;20;32;20;4;11;19;20;40;40;12;
1692655260;21.08.2023;22:01:00;20;32;20;3;10;19;20;40;40;12;
1692658860;21.08.2023;23:01:00;20;31;20;2;9;19;20;40;40;12;
1692662460;22.08.2023;00:01:00;19;31;20;1;8;19;19;40;40;12;
1692666060;22.08.2023;01:01:00;19;31;20;1;7;19;19;40;40;12;
1692669660;22.08.2023;02:01:00;19;30;20;0;6;19;19;40;40;12;
1692673260;22.08.2023;03:01:00;19;30;20;0;5;19;19;40;40;12;
1692676860;22.08.2023;04:01:00;19;25;19;2;5;19;19;40;40;12;
1692680460;22.08.2023;05:01:00;18;24;19;1;5;18;19;40;40;12;
1692684060;22.08.2023;06:01:00;18;24;18;1;4;18;19;40;40;12;
1692687660;22.08.2023;07:01:00;17;23;18;1;4;18;18;40;40;12;
1692691260;22.08.2023;08:01:00;17;23;18;1;4;17;18;40;40;12;
1692694860;22.08.2023;09:01:00;17;23;18;2;5;17;18;40;40;12;
1692698460;22.08.2023;10:01:00;17;28;18;0;6;17;18;40;40;12;
1692702060;22.08.2023;11:01:00;18;29;18;1;7;18;18;40;40;12;
1692705660;22.08.2023;12:01:00;18;30;19;2;9;18;18;40;40;12;
1692709260;22.08.2023;13:01:00;19;31;19;4;11;18;19;40;40;12;
1692712860;22.08.2023;14:01:00;19;32;19;6;13;18;19;40;40;12;
1692716460;22.08.2023;15:01:00;19;33;20;7;15;19;19;40;40;11;
1692720060;22.08.2023;16:01:00;19;33;20;8;16;19;19;40;40;11;
1692723660;22.08.2023;17:01:00;19;33;20;8;16;19;19;40;40;11;
1692727260;22.08.2023;18:01:00;20;33;20;8;15;19;19;40;40;11;
1692730860;22.08.2023;19:01:00;20;33;20;7;14;19;19;40;40;11;
1692734460;22.08.2023;20:01:00;20;33;20;6;13;19;19;40;40;11;
1692738060;22.08.2023;21:01:00;20;32;20;5;12;19;19;40;40;11;
1692741660;22.08.2023;22:01:00;19;32;20;4;10;19;19;40;40;11;
1692745260;22.08.2023;23:01:00;19;31;20;3;9;19;19;40;40;12;
1692748860;23.08.2023;00:01:00;19;31;20;2;8;19;19;40;40;12;
1692752460;23.08.2023;01:01:00;19;31;20;1;7;19;19;40;40;12;
1692756060;23.08.2023;02:01:00;19;31;20;1;7;19;19;40;40;12;
1692759660;23.08.2023;03:01:00;19;30;20;0;7;19;19;40;40;12;
1692763260;23.08.2023;04:01:00;19;30;20;0;6;19;19;40;40;12;
1692766860;23.08.2023;05:01:00;19;30;19;0;6;19;19;40;40;12;
1692770460;23.08.2023;06:01:00;19;30;19;0;6;19;19;40;40;12;
1692774060;23.08.2023;07:01:00;19;30;19;0;6;19;19;40;40;12;
1692777660;23.08.2023;08:01:00;19;30;19;0;6;19;19;40;40;12;
1692781260;23.08.2023;09:01:00;19;30;19;1;7;19;19;40;40;12;
1692784860;23.08.2023;10:01:00;19;31;19;1;7;19;19;40;40;12;
1692788460;23.08.2023;11:01:00;19;31;20;2;8;19;19;40;40;12;
1692792060;23.08.2023;12:01:00;19;31;20;3;9;19;19;40;40;12;
1692795660;23.08.2023;13:01:00;19;32;20;4;11;19;19;40;40;12;
1692799260;23.08.2023;14:01:00;19;32;20;6;13;19;19;40;40;11;
1692802860;23.08.2023;15:01:00;19;33;20;6;14;19;19;40;40;11;
1692806460;23.08.2023;16:01:00;20;33;20;6;14;19;19;40;40;11;
1692810060;23.08.2023;17:01:00;20;33;20;6;13;19;19;40;40;11;
1692813660;23.08.2023;18:01:00;20;32;20;5;12;19;20;40;40;11;
1692817260;23.08.2023;19:01:00;20;32;20;5;12;19;20;40;40;11;
1692820860;23.08.2023;20:01:00;20;32;20;4;11;19;20;40;40;11;
1692824460;23.08.2023;21:01:00;20;32;20;4;10;19;20;40;40;11;
1692828060;23.08.2023;22:01:00;19;31;20;3;9;19;19;40;40;11;
1692831660;23.08.2023;23:01:00;19;31;20;2;8;19;19;40;40;12;
1692835260;24.08.2023;00:01:00;19;31;20;1;8;19;19;40;40;12;
1692838860;24.08.2023;01:01:00;19;31;20;1;7;19;19;40;40;12;
1692842460;24.08.2023;02:01:00;19;30;20;0;6;19;19;40;40;12;
1692846060;24.08.2023;03:01:00;19;30;20;0;6;19;19;40;40;12;
1692849660;24.08.2023;04:01:00;19;30;20;0;5;19;19;40;40;12;
1692853260;24.08.2023;05:01:00;18;24;19;2;5;18;19;40;40;12;
1692856860;24.08.2023;06:01:00;18;24;18;1;4;18;19;40;40;12;
1692860460;24.08.2023;07:01:00;18;24;18;1;4;18;18;40;40;12;
1692864060;24.08.2023;08:01:00;17;23;18;1;4;18;18;40;40;12;
1692867660;24.08.2023;09:01:00;17;23;18;1;4;17;18;40;40;12;
1692871260;24.08.2023;10:01:00;17;23;18;2;6;17;18;40;40;12;
1692874860;24.08.2023;11:01:00;18;29;18;1;7;17;18;40;40;12;
1692878460;24.08.2023;12:01:00;18;30;19;2;9;18;18;40;40;12;
1692882060;24.08.2023;13:01:00;19;31;19;4;11;18;19;40;40;12;
1692885660;24.08.2023;14:01:00;19;32;19;5;13;18;19;40;40;11;
1692889260;24.08.2023;15:01:00;19;32;20;6;14;19;19;40;40;11;
1692892860;24.08.2023;16:01:00;19;33;20;7;15;19;19;40;40;11;
1692896460;24.08.2023;17:01:00;19;33;20;8;16;19;19;40;40;11;
1692900060;24.08.2023;18:01:00;20;33;20;8;15;19;19;40;40;11;
1692903660;24.08.2023;19:01:00;20;33;20;7;15;19;20;40;40;11;
1692907260;24.08.2023;20:01:00;20;33;20;6;13;19;20;40;40;11;
1692910860;24.08.2023;21:01:00;20;32;20;5;12;19;20;40;40;11;
1692914460;24.08.2023;22:01:00;20;32;20;4;11;19;20;40;40;11;
1692918060;24.08.2023;23:01:00;20;32;20;3;10;19;20;40;40;11;
1692921660;25.08.2023;00:01:00;19;31;20;2;9;19;19;40;40;11;
1692925260;25.08.2023;01:01:00;19;31;20;2;8;19;19;40;40;12;
1692928860;25.08.2023;02:01:00;19;31;20;1;8;19;19;40;40;12;
1692932460;25.08.2023;03:01:00;19;31;20;1;7;19;19;40;40;12;
1692936060;25.08.2023;04:01:00;19;30;20;1;7;19;19;40;40;11;
1692939660;25.08.2023;05:01:00;19;30;20;0;6;19;19;40;40;12;
1692943260;25.08.2023;06:01:00;19;30;20;0;6;19;19;40;40;12;
1692946860;25.08.2023;07:01:00;19;30;20;0;6;19;19;40;40;12;
1692950460;25.08.2023;08:01:00;19;30;19;0;6;19;19;40;40;12;
1692954060;25.08.2023;09:01:00;19;30;19;0;6;19;19;40;40;12;
1692957660;25.08.2023;10:01:00;19;30;19;0;6;19;19;40;40;12;
1692961260;25.08.2023;11:01:00;19;30;19;0;6;19;19;40;40;12;
1692964860;25.08.2023;12:01:00;19;30;19;1;7;19;19;40;40;11;
1692968460;25.08.2023;13:01:00;19;31;19;1;8;19;19;40;40;11;
1692972060;25.08.2023;14:01:00;19;31;20;1;8;19;19;40;40;11;
1692975660;25.08.2023;15:01:00;19;31;20;2;8;19;19;40;40;11;
1692979260;25.08.2023;16:01:00;19;31;20;2;8;19;19;40;40;11;
1692982860;25.08.2023;17:01:00;19;31;20;2;8;19;19;40;40;11;
1692986460;25.08.2023;18:01:00;19;31;20;2;8;19;19;40;40;11;
1692990060;25.08.2023;19:01:00;19;31;20;2;8;19;19;40;40;11;
1692993660;25.08.2023;20:01:00;19;31;20;2;8;19;19;40;40;11;
1692997260;25.08.2023;21:01:00;19;31;20;1;8;19;19;40;40;11;
1693000860;25.08.2023;22:01:00;19;31;20;1;7;19;19;40;40;11;
1693004460;25.08.2023;23:01:00;19;30;20;1;7;19;19;40;40;11;
1693008060;26.08.2023;00:01:00;19;30;20;0;6;19;19;40;40;11;
1693011660;26.08.2023;01:01:00;19;30;20;0;6;19;19;40;40;11;
1693015260;26.08.2023;02:01:00;19;30;20;0;6;19;19;40;40;11;
1693018860;26.08.2023;03:01:00;19;30;20;0;6;19;19;40;40;11;
1693022460;26.08.2023;04:01:00;19;30;20;0;6;19;19;40;40;11;
1693026060;26.08.2023;05:01:00;19;30;20;0;6;19;19;40;40;11;
1693029660;26.08.2023;06:01:00;19;30;19;0;6;19;19;40;40;11;
1693033260;26.08.2023;07:01:00;19;30;20;0;6;19;19;40;40;11;
1693036860;26.08.2023;08:01:00;19;30;20;0;6;19;19;40;40;11;
1693040460;26.08.2023;09:01:00;19;30;19;0;6;19;19;40;40;11;
1693044060;26.08.2023;10:01:00;19;30;20;1;7;19;19;40;40;11;
1693047660;26.08.2023;11:01:00;19;31;20;1;7;19;19;40;40;11;
1693051260;26.08.2023;12:01:00;19;31;20;1;8;19;19;40;40;11;
1693054860;26.08.2023;13:01:00;19;31;20;2;8;19;19;40;40;11;
1693058460;26.08.2023;14:01:00;19;31;20;2;9;19;19;40;40;11;
1693062060;26.08.2023;15:01:00;19;31;20;3;9;19;19;40;40;11;
1693065660;26.08.2023;16:01:00;19;31;20;3;9;19;19;40;40;11;
1693069260;26.08.2023;17:01:00;19;31;20;3;9;19;19;40;40;11;
1693072860;26.08.2023;18:01:00;19;31;20;2;9;19;19;40;40;11;
1693076460;26.08.2023;19:01:00;19;31;20;2;9;19;19;40;40;11;
1693080060;26.08.2023;20:01:00;19;31;20;2;8;19;19;40;40;11;
1693083660;26.08.2023;21:01:00;19;31;20;2;8;19;19;40;40;11;
1693087260;26.08.2023;22:01:00;19;31;20;1;8;19;19;40;40;11;
1693090860;26.08.2023;23:01:00;19;31;20;2;8;19;19;40;40;11;
1693094460;27.08.2023;00:01:00;19;31;20;2;8;19;19;40;40;11;
1693098060;27.08.2023;01:01:00;19;31;20;2;8;19;19;40;40;11;
1693101660;27.08.2023;02:01:00;19;31;20;2;8;19;19;40;40;11;
1693105260;27.08.2023;03:01:00;19;31;20;2;8;19;19;40;40;11;
1693108860;27.08.2023;04:01:00;19;31;20;2;8;19;19;40;40;11;
1693112460;27.08.2023;05:01:00;19;31;20;2;8;19;19;40;40;11;
1693116060;27.08.2023;06:01:00;19;31;20;1;8;19;19;40;40;11;
1693119660;27.08.2023;07:01:00;19;31;20;1;7;19;19;40;40;11;
1693123260;27.08.2023;08:01:00;19;31;20;1;7;19;19;40;40;11;
1693126860;27.08.2023;09:01:00;19;31;20;1;7;19;19;40;40;11;
1693130460;27.08.2023;10:01:00;19;31;20;1;7;19;19;40;40;11;
1693134060;27.08.2023;11:01:00;19;31;20;2;8;19;19;40;40;11;
1693137660;27.08.2023;12:01:00;19;31;20;3;9;19;19;40;40;11;
1693141260;27.08.2023;13:01:00;19;32;20;4;11;19;19;40;40;11;
1693144860;27.08.2023;14:01:00;19;32;20;5;12;19;19;40;40;11;
1693148460;27.08.2023;15:01:00;20;32;20;5;12;19;20;40;40;11;
1693152060;27.08.2023;16:01:00;20;32;20;5;12;19;20;40;40;11;
1693155660;27.08.2023;17:01:00;20;32;20;5;12;19;20;40;40;11;
1693159260;27.08.2023;18:01:00;20;32;20;4;11;19;20;40;40;11;
1693162860;27.08.2023;19:01:00;20;32;20;4;11;19;20;40;40;11;
1693166460;27.08.2023;20:01:00;20;32;20;3;10;19;20;40;40;11;
1693170060;27.08.2023;21:01:00;20;32;20;3;9;19;20;40;40;11;
1693173660;27.08.2023;22:01:00;20;31;20;2;9;19;20;40;40;11;
1693177260;27.08.2023;23:01:00;19;31;20;2;8;19;20;40;40;11;
1693180860;28.08.2023;00:01:00;19;31;20;1;7;19;20;40;40;11;
1693184460;28.08.2023;01:01:00;19;31;20;0;6;19;20;40;40;11;
1693188060;28.08.2023;02:01:00;19;30;20;0;6;19;20;40;40;11;
1693191660;28.08.2023;03:01:00;19;30;20;0;6;19;19;40;40;11;
1693195260;28.08.2023;04:01:00;19;30;20;0;6;19;19;40;40;11;
1693198860;28.08.2023;05:01:00;19;30;20;0;5;19;19;40;40;11;
1693202460;28.08.2023;06:01:00;19;30;20;0;5;19;19;40;40;11;
1693206060;28.08.2023;07:01:00;19;25;19;2;5;19;19;40;40;11;
1693209660;28.08.2023;08:01:00;18;24;19;2;6;18;19;40;40;11;
1693213260;28.08.2023;09:01:00;18;29;19;0;6;18;19;40;40;11;
1693216860;28.08.2023;10:01:00;19;30;19;0;6;18;19;40;40;11;
1693220460;28.08.2023;11:01:00;19;30;19;1;7;19;19;40;40;11;
1693224060;28.08.2023;12:01:00;19;31;19;2;8;19;19;40;40;11;
1693227660;28.08.2023;13:01:00;19;31;20;3;10;19;19;40;40;11;
1693231260;28.08.2023;14:01:00;19;32;20;5;12;19;19;40;40;11;
1693234860;28.08.2023;15:01:00;19;33;20;6;13;19;19;40;40;11;
1693238460;28.08.2023;16:01:00;20;33;20;6;14;19;20;40;40;11;
1693242060;28.08.2023;17:01:00;20;33;20;7;14;19;20;40;40;11;
1693245660;28.08.2023;18:01:00;20;33;20;6;14;19;20;40;40;11;
1693249260;28.08.2023;19:01:00;20;33;20;6;13;19;20;40;40;10;
1693252860;28.08.2023;20:01:00;20;33;20;5;12;19;20;40;40;11;
1693256460;28.08.2023;21:01:00;20;32;20;4;11;19;20;40;40;11;
1693260060;28.08.2023;22:01:00;20;32;20;3;10;19;20;40;40;11;
1693263660;28.08.2023;23:01:00;20;32;20;3;9;19;20;40;40;11;
1693267260;29.08.2023;00:01:00;20;31;20;2;8;19;20;40;40;11;
1693270860;29.08.2023;01:01:00;19;31;20;1;7;19;20;40;40;11;
1693274460;29.08.2023;02:01:00;19;31;20;1;7;19;20;40;40;11;
1693278060;29.08.2023;03:01:00;19;31;20;0;6;19;20;40;40;11;
1693281660;29.08.2023;04:01:00;19;31;20;0;6;19;20;40;40;11;
1693285260;29.08.2023;05:01:00;19;30;20;0;6;19;20;40;40;11;
1693288860;29.08.2023;06:01:00;19;30;20;0;6;19;20;40;40;11;
1693292460;29.08.2023;07:01:00;19;30;20;0;6;19;20;40;40;11;
1693296060;29.08.2023;08:01:00;19;30;20;0;6;19;19;40;40;11;
1693299660;29.08.2023;09:01:00;19;30;20;0;6;19;19;40;40;11;
1693303260;29.08.2023;10:01:00;19;30;20;1;7;19;19;40;40;11;
1693306860;29.08.2023;11:01:00;19;31;20;1;7;19;19;40;40;11;
1693310460;29.08.2023;12:01:00;19;31;20;2;8;19;19;40;40;11;
1693314060;29.08.2023;13:01:00;19;31;20;2;9;19;20;40;40;11;
1693317660;29.08.2023;14:01:00;19;32;20;4;10;19;20;40;40;11;
1693321260;29.08.2023;15:01:00;19;32;20;4;11;19;20;40;40;11;
1693324860;29.08.2023;16:01:00;20;32;20;4;11;19;20;40;40;11;
1693328460;29.08.2023;17:01:00;20;32;20;5;12;19;20;40;40;11;
1693332060;29.08.2023;18:01:00;20;32;20;5;12;19;20;40;40;11;
1693335660;29.08.2023;19:01:00;20;32;20;5;12;19;20;40;40;11;
1693339260;29.08.2023;20:01:00;20;32;20;4;11;19;20;40;40;11;
1693342860;29.08.2023;21:01:00;20;32;20;3;9;19;20;40;40;11;
1693346460;29.08.2023;22:01:00;20;31;20;2;8;19;20;40;40;11;
1693350060;29.08.2023;23:01:00;20;31;20;1;7;19;20;40;40;11;
1693353660;30.08.2023;00:01:00;20;31;20;0;6;19;20;40;40;11;
1693357260;30.08.2023;01:01:00;19;30;20;0;5;19;20;40;40;11;
1693360860;30.08.2023;02:01:00;19;27;20;1;5;19;20;40;40;11;
1693364460;30.08.2023;03:01:00;19;24;19;2;5;19;19;40;40;11;
1693368060;30.08.2023;04:01:00;18;24;19;1;4;18;19;40;40;11;
1693371660;30.08.2023;05:01:00;18;24;18;0;4;18;19;40;40;11;
1693375260;30.08.2023;06:01:00;18;23;18;0;3;18;19;40;40;11;
1693378860;30.08.2023;07:01:00;17;23;18;1;3;18;18;40;40;11;
1693382460;30.08.2023;08:01:00;17;23;18;1;4;18;18;40;40;11;
1693386060;30.08.2023;09:01:00;17;23;18;2;4;17;18;40;40;11;
1693389660;30.08.2023;10:01:00;17;23;18;2;5;17;18;40;40;11;
1693393260;30.08.2023;11:01:00;18;29;18;0;6;17;18;40;40;11;
1693396860;30.08.2023;12:01:00;18;30;19;1;7;18;18;40;40;11;
1693400460;30.08.2023;13:01:00;19;30;19;2;8;18;19;40;40;11;
1693404060;30.08.2023;14:01:00;19;31;19;3;9;18;19;40;40;11;
1693407660;30.08.2023;15:01:00;19;31;19;4;11;19;19;40;40;11;
1693411260;30.08.2023;16:01:00;19;32;20;5;12;19;19;40;40;11;
1693414860;30.08.2023;17:01:00;19;32;20;5;12;19;19;40;40;11;
1693418460;30.08.2023;18:01:00;19;32;20;5;12;19;19;40;40;11;
1693422060;30.08.2023;19:01:00;19;32;20;4;11;19;19;40;40;11;
1693425660;30.08.2023;20:01:00;19;32;20;3;10;19;20;40;40;11;
1693429260;30.08.2023;21:01:00;19;31;20;2;9;19;20;40;40;11;
1693432860;30.08.2023;22:01:00;19;31;20;1;8;19;20;40;40;11;
1693436460;30.08.2023;23:01:00;19;31;20;0;7;19;20;40;40;11;
1693440060;31.08.2023;00:01:00;19;30;20;0;6;19;19;40;40;11;
1693443660;31.08.2023;01:01:00;19;25;20;1;5;19;19;40;40;11;
1693447260;31.08.2023;02:01:00;18;24;19;1;5;18;19;40;40;11;
1693450860;31.08.2023;03:01:00;18;24;18;1;4;18;19;40;40;11;
1693454460;31.08.2023;04:01:00;18;24;18;1;4;18;19;40;40;11;
1693458060;31.08.2023;05:01:00;18;23;18;0;4;18;18;40;40;11;
1693461660;31.08.2023;06:01:00;17;23;18;1;4;18;18;40;40;11;
1693465260;31.08.2023;07:01:00;17;23;18;1;4;17;18;40;40;11;
1693468860;31.08.2023;08:01:00;17;22;18;1;4;17;18;40;40;11;
1693472460;31.08.2023;09:01:00;17;23;18;1;4;17;18;40;40;11;
1693476060;31.08.2023;10:01:00;17;23;18;2;5;17;18;40;40;11;
1693479660;31.08.2023;11:01:00;17;28;18;0;6;17;18;40;40;11;
1693483260;31.08.2023;12:01:00;18;29;18;1;7;18;18;40;40;11;
1693486860;31.08.2023;13:01:00;18;30;19;2;9;18;19;40;40;11;
1693490460;31.08.2023;14:01:00;19;31;19;4;11;18;19;40;40;11;
1693494060;31.08.2023;15:01:00;19;32;19;5;13;18;19;40;40;11;
1693497660;31.08.2023;16:01:00;19;32;20;6;14;19;19;40;40;11;
1693501260;31.08.2023;17:01:00;19;33;20;7;14;19;19;40;40;11;
1693504860;31.08.2023;18:01:00;19;33;20;6;14;19;19;40;40;10;
1693508460;31.08.2023;19:01:00;19;33;20;6;13;19;20;40;40;11;
1693512060;31.08.2023;20:01:00;20;32;20;5;12;19;20;40;40;10;
1693515660;31.08.2023;21:01:00;19;32;20;4;10;19;20;40;40;11;
1693519260;31.08.2023;22:01:00;19;31;20;3;9;19;20;40;40;11;
1693522860;31.08.2023;23:01:00;19;31;20;1;8;19;20;40;40;11;
1693526460;01.09.2023;00:01:00;19;31;20;0;7;19;20;40;40;11;
1693530060;01.09.2023;01:01:00;19;30;20;0;6;19;20;40;40;11;
1693533660;01.09.2023;02:01:00;19;30;20;0;5;19;19;40;40;11;
1693537260;01.09.2023;03:01:00;19;25;19;2;5;19;19;40;40;11;
1693540860;01.09.2023;04:01:00;18;24;19;2;5;18;19;40;40;11;
1693544460;01.09.2023;05:01:00;18;24;18;2;5;18;19;40;40;11;
1693548060;01.09.2023;06:01:00;18;24;18;2;5;18;19;40;40;11;
1693551660;01.09.2023;07:01:00;18;23;18;1;5;18;18;40;40;11;
1693555260;01.09.2023;08:01:00;17;23;18;1;4;18;18;40;40;11;
1693558860;01.09.2023;09:01:00;17;23;18;2;5;17;18;40;40;23;
1693562460;01.09.2023;10:01:00;17;23;18;2;5;17;18;40;40;38;
1693566060;01.09.2023;11:01:00;18;29;18;0;6;17;18;40;40;38;
1693569660;01.09.2023;12:01:00;18;30;19;1;7;18;18;40;40;38;
1693573260;01.09.2023;13:01:00;18;31;19;3;9;18;19;40;40;38;
1693576860;01.09.2023;14:01:00;19;31;19;4;11;18;19;40;40;38;
1693580460;01.09.2023;15:01:00;19;32;19;6;13;19;19;40;40;37;
1693584060;01.09.2023;16:01:00;19;33;20;7;14;19;19;40;40;37;
1693587660;01.09.2023;17:01:00;19;33;20;7;15;19;19;40;40;37;
1693591260;01.09.2023;18:01:00;20;33;20;7;15;19;19;40;40;37;
1693594860;01.09.2023;19:01:00;20;33;20;6;14;19;20;40;40;36;
1693598460;01.09.2023;20:01:00;20;32;20;5;12;19;20;40;40;37;
1693602060;01.09.2023;21:01:00;20;32;20;4;11;19;20;40;40;36;
1693605660;01.09.2023;22:01:00;20;32;20;3;9;19;20;40;40;37;
1693609260;01.09.2023;23:01:00;19;31;20;2;8;19;20;40;40;37;
1693612860;02.09.2023;00:01:00;19;31;20;1;7;19;20;40;40;37;
1693616460;02.09.2023;01:01:00;19;31;20;1;7;19;20;40;40;37;
1693620060;02.09.2023;02:01:00;19;31;20;0;6;19;20;40;40;37;
1693623660;02.09.2023;03:01:00;19;30;20;0;6;19;19;40;40;37;
1693627260;02.09.2023;04:01:00;19;30;20;0;6;19;19;40;40;37;
1693630860;02.09.2023;05:01:00;19;30;20;0;5;19;19;40;40;37;
1693634460;02.09.2023;06:01:00;19;25;19;2;5;19;19;40;40;37;
1693638060;02.09.2023;07:01:00;18;24;19;2;5;18;19;40;40;37;
1693641660;02.09.2023;08:01:00;18;24;18;1;4;18;19;40;40;37;
1693645260;02.09.2023;09:01:00;18;24;18;2;5;18;19;40;40;37;
1693648860;02.09.2023;10:01:00;18;24;18;2;5;18;19;40;40;37;
1693652460;02.09.2023;11:01:00;18;29;18;0;6;18;18;40;40;37;
1693656060;02.09.2023;12:01:00;18;30;19;1;7;18;19;40;40;37;
1693659660;02.09.2023;13:01:00;19;31;19;2;9;18;19;40;40;37;
1693663260;02.09.2023;14:01:00;19;31;19;4;10;19;19;40;40;37;
1693666860;02.09.2023;15:01:00;19;32;20;5;12;19;19;40;40;37;
1693670460;02.09.2023;16:01:00;19;32;20;5;12;19;19;40;40;37;
1693674060;02.09.2023;17:01:00;19;33;20;6;13;19;20;40;40;37;
1693677660;02.09.2023;18:01:00;20;32;20;5;13;19;20;40;40;36;
1693681260;02.09.2023;19:01:00;20;32;20;5;12;19;20;40;40;36;
1693684860;02.09.2023;20:01:00;20;32;20;4;11;19;20;40;40;37;
1693688460;02.09.2023;21:01:00;20;32;20;3;10;19;20;40;40;36;
1693692060;02.09.2023;22:01:00;19;31;20;2;8;19;20;40;40;37;
1693695660;02.09.2023;23:01:00;19;31;20;1;7;19;20;40;40;37;
1693699260;03.09.2023;00:01:00;19;31;20;0;7;19;20;40;40;37;
1693702860;03.09.2023;01:01:00;19;31;20;0;6;19;20;40;40;37;
1693706460;03.09.2023;02:01:00;19;30;20;0;6;19;20;40;40;37;
1693710060;03.09.2023;03:01:00;19;30;20;0;5;19;19;40;40;37;
1693713660;03.09.2023;04:01:00;19;30;20;0;5;19;19;40;40;37;
1693717260;03.09.2023;05:01:00;19;25;19;2;5;19;19;40;40;37;
1693720860;03.09.2023;06:01:00;18;24;19;2;5;18;19;40;40;37;
1693724460;03.09.2023;07:01:00;18;24;18;2;5;18;19;40;40;36;
1693728060;03.09.2023;08:01:00;18;24;18;2;5;18;19;40;40;36;
1693731660;03.09.2023;09:01:00;18;24;18;2;5;18;19;40;40;36;
1693735260;03.09.2023;10:01:00;18;29;18;0;6;18;18;40;40;37;
1693738860;03.09.2023;11:01:00;18;29;19;0;6;18;19;40;40;37;
1693742460;03.09.2023;12:01:00;19;30;19;1;7;18;19;40;40;37;
1693746060;03.09.2023;13:01:00;19;31;19;2;8;19;19;40;40;37;
1693749660;03.09.2023;14:01:00;19;31;19;3;10;19;19;40;40;37;
1693753260;03.09.2023;15:01:00;19;32;20;4;11;19;19;40;40;37;
1693756860;03.09.2023;16:01:00;19;32;20;4;11;19;19;40;40;37;
1693760460;03.09.2023;17:01:00;19;32;20;4;11;19;20;40;40;37;
1693764060;03.09.2023;18:01:00;19;32;20;4;11;19;20;40;40;37;
1693767660;03.09.2023;19:01:00;19;32;20;4;10;19;20;40;40;36;
1693771260;03.09.2023;20:01:00;20;32;20;3;9;19;20;40;40;37;
1693774860;03.09.2023;21:01:00;20;31;20;2;9;19;20;40;40;37;
1693778460;03.09.2023;22:01:00;19;31;20;2;8;19;20;40;40;37;
1693782060;03.09.2023;23:01:00;19;31;20;1;7;19;20;40;40;37;
1693785660;04.09.2023;00:01:00;19;31;20;1;7;19;20;40;40;37;
1693789260;04.09.2023;01:01:00;19;31;20;0;6;19;20;40;40;37;
1693792860;04.09.2023;02:01:00;19;30;20;0;6;19;20;40;40;37;
1693796460;04.09.2023;03:01:00;19;30;20;0;5;19;20;40;40;37;
1693800060;04.09.2023;04:01:00;19;25;19;2;5;19;19;40;40;37;
1693803660;04.09.2023;05:01:00;18;24;19;2;5;18;19;40;40;36;
1693807260;04.09.2023;06:01:00;18;24;18;2;5;18;19;40;40;36;
1693810860;04.09.2023;07:01:00;18;24;18;2;5;18;19;40;40;36;
1693814460;04.09.2023;08:01:00;18;24;18;2;5;18;19;40;40;36;
1693818060;04.09.2023;09:01:00;18;24;18;2;6;18;18;40;40;36;
1693821660;04.09.2023;10:01:00;18;29;18;0;6;18;18;40;40;37;
1693825260;04.09.2023;11:01:00;18;29;19;1;7;18;19;40;40;37;
1693828860;04.09.2023;12:01:00;19;30;19;2;8;18;19;40;40;37;
1693832460;04.09.2023;13:01:00;19;31;19;3;10;19;19;40;40;37;
1693836060;04.09.2023;14:01:00;19;32;20;5;12;19;19;40;40;37;
1693839660;04.09.2023;15:01:00;19;32;20;6;13;19;19;40;40;37;
1693843260;04.09.2023;16:01:00;20;33;20;7;14;19;20;40;40;36;
1693846860;04.09.2023;17:01:00;20;33;20;7;14;19;20;40;40;36;
1693850460;04.09.2023;18:01:00;20;33;20;7;14;19;20;40;40;36;
1693854060;04.09.2023;19:01:00;20;33;20;6;13;19;20;40;40;36;
1693857660;04.09.2023;20:01:00;20;33;20;5;12;20;20;40;40;36;
1693861260;04.09.2023;21:01:00;20;32;20;4;11;19;20;40;40;36;
1693864860;04.09.2023;22:01:00;20;32;20;3;10;19;20;40;40;36;
1693868460;04.09.2023;23:01:00;20;32;20;3;9;19;20;40;40;36;
1693872060;05.09.2023;00:01:00;20;31;20;2;8;19;20;40;40;36;
1693875660;05.09.2023;01:01:00;20;31;20;1;7;19;20;40;40;37;
1693879260;05.09.2023;02:01:00;20;31;20;0;6;19;20;40;40;37;
1693882860;05.09.2023;03:01:00;19;30;20;0;6;19;20;40;40;36;
1693886460;05.09.2023;04:01:00;19;30;20;0;5;19;20;40;40;36;
1693890060;05.09.2023;05:01:00;19;25;19;2;5;19;19;40;40;36;
1693893660;05.09.2023;06:01:00;18;24;19;2;5;18;19;40;40;36;
1693897260;05.09.2023;07:01:00;18;24;18;1;4;18;19;40;40;36;
1693900860;05.09.2023;08:01:00;18;24;18;1;4;18;19;40;40;36;
1693904460;05.09.2023;09:01:00;18;24;18;2;5;18;19;40;40;36;
1693908060;05.09.2023;10:01:00;18;24;18;2;5;18;19;40;40;36;
1693911660;05.09.2023;11:01:00;18;29;19;1;6;18;19;40;40;36;
1693915260;05.09.2023;12:01:00;19;30;19;1;8;18;19;40;40;37;
1693918860;05.09.2023;13:01:00;19;31;19;3;10;19;19;40;40;37;
1693922460;05.09.2023;14:01:00;19;32;20;5;12;19;19;40;40;37;
1693926060;05.09.2023;15:01:00;19;32;20;6;13;19;19;40;40;36;
1693929660;05.09.2023;16:01:00;20;33;20;7;14;19;20;40;40;37;
1693933260;05.09.2023;17:01:00;20;33;20;7;14;19;20;40;40;36;
1693936860;05.09.2023;18:01:00;20;33;20;7;14;19;20;40;40;36;
1693940460;05.09.2023;19:01:00;20;33;20;6;13;19;20;40;40;36;
1693944060;05.09.2023;20:01:00;20;33;20;5;12;19;20;40;40;35;
1693947660;05.09.2023;21:01:00;20;32;20;4;10;20;20;40;40;36;
1693951260;05.09.2023;22:01:00;20;32;20;2;9;20;20;40;40;36;
1693954860;05.09.2023;23:01:00;20;31;20;1;8;19;20;40;40;36;
1693958460;06.09.2023;00:01:00;20;31;20;1;7;19;20;40;40;36;
1693962060;06.09.2023;01:01:00;20;31;20;0;6;19;20;40;40;36;
1693965660;06.09.2023;02:01:00;19;30;20;0;5;19;20;40;40;36;
1693969260;06.09.2023;03:01:00;19;30;20;0;5;19;20;40;40;36;
1693972860;06.09.2023;04:01:00;19;25;19;2;5;19;20;40;40;36;
1693976460;06.09.2023;05:01:00;18;24;19;2;5;19;19;40;40;36;
1693980060;06.09.2023;06:01:00;18;24;19;1;4;18;19;40;40;36;
1693983660;06.09.2023;07:01:00;18;24;18;1;4;18;19;40;40;36;
1693987260;06.09.2023;08:01:00;18;24;18;1;4;18;19;40;40;36;
1693990860;06.09.2023;09:01:00;18;24;18;1;4;18;19;40;40;36;
1693994460;06.09.2023;10:01:00;18;23;18;1;4;18;18;40;40;36;
1693998060;06.09.2023;11:01:00;17;28;18;0;6;18;18;40;40;36;
1694001660;06.09.2023;12:01:00;18;29;19;1;7;18;19;40;40;36;
1694005260;06.09.2023;13:01:00;19;30;19;1;8;18;19;40;40;36;
1694008860;06.09.2023;14:01:00;19;31;19;3;10;19;19;40;40;36;
1694012460;06.09.2023;15:01:00;19;32;20;4;11;19;19;40;40;36;
1694016060;06.09.2023;16:01:00;19;32;20;5;13;19;19;40;40;36;
1694019660;06.09.2023;17:01:00;20;33;20;6;13;19;20;40;40;36;
1694023260;06.09.2023;18:01:00;20;33;20;6;13;19;20;40;40;36;
1694026860;06.09.2023;19:01:00;20;32;20;5;12;19;20;40;40;36;
1694030460;06.09.2023;20:01:00;20;32;20;4;10;19;20;40;40;36;
1694034060;06.09.2023;21:01:00;20;32;20;2;9;19;20;40;40;36;
1694037660;06.09.2023;22:01:00;20;31;20;1;8;19;20;40;40;36;
1694041260;06.09.2023;23:01:00;19;31;20;1;7;19;20;40;40;36;
1694044860;07.09.2023;00:01:00;19;31;20;0;6;19;20;40;40;36;
1694048460;07.09.2023;01:01:00;19;31;20;0;6;19;20;40;40;36;
1694052060;07.09.2023;02:01:00;19;30;20;0;6;19;20;40;40;36;
1694055660;07.09.2023;03:01:00;19;30;20;0;5;19;20;40;40;36;
1694059260;07.09.2023;04:01:00;19;30;20;0;5;19;20;40;40;36;
1694062860;07.09.2023;05:01:00;19;30;20;0;5;19;20;40;40;36;
1694066460;07.09.2023;06:01:00;19;30;20;0;5;19;20;40;40;36;
1694070060;07.09.2023;07:01:00;19;30;20;0;5;19;20;40;40;36;
1694073660;07.09.2023;08:01:00;19;30;20;0;5;19;20;40;40;36;
1694077260;07.09.2023;09:01:00;19;30;20;0;5;19;20;40;40;36;
1694080860;07.09.2023;10:01:00;19;30;20;0;6;19;20;40;40;36;
1694084460;07.09.2023;11:01:00;19;30;20;1;6;19;20;40;40;36;
1694088060;07.09.2023;12:01:00;19;31;20;1;7;19;20;40;40;36;
1694091660;07.09.2023;13:01:00;19;31;20;2;8;19;20;40;40;36;
1694095260;07.09.2023;14:01:00;19;31;20;2;9;19;20;40;40;36;
1694098860;07.09.2023;15:01:00;19;32;20;3;10;19;20;40;40;36;
1694102460;07.09.2023;16:01:00;20;32;20;4;10;19;20;40;40;36;
1694106060;07.09.2023;17:01:00;20;32;20;4;11;19;20;40;40;36;
1694109660;07.09.2023;18:01:00;20;32;20;4;10;19;20;40;40;36;
1694113260;07.09.2023;19:01:00;20;32;20;3;10;19;20;40;40;36;
1694116860;07.09.2023;20:01:00;20;32;20;3;10;19;20;40;40;36;
1694120460;07.09.2023;21:01:00;20;32;20;2;9;19;20;40;40;36;
1694124060;07.09.2023;22:01:00;20;31;20;2;8;19;20;40;40;36;
1694127660;07.09.2023;23:01:00;20;31;20;2;8;19;20;40;40;36;
1694131260;08.09.2023;00:01:00;20;31;20;1;7;19;20;40;40;36;
1694134860;08.09.2023;01:01:00;20;31;20;1;7;19;20;40;40;36;
1694138460;08.09.2023;02:01:00;20;31;20;1;7;19;20;40;40;36;
1694142060;08.09.2023;03:01:00;20;31;20;1;7;19;20;40;40;36;
1694145660;08.09.2023;04:01:00;20;31;20;0;7;19;20;40;40;36;
1694149260;08.09.2023;05:01:00;20;31;20;0;6;19;20;40;40;36;
1694152860;08.09.2023;06:01:00;20;31;20;0;6;19;20;40;40;36;
1694156460;08.09.2023;07:01:00;20;31;20;0;6;19;20;40;40;36;
1694160060;08.09.2023;08:01:00;19;31;20;0;6;19;20;40;40;36;
1694163660;08.09.2023;09:01:00;19;31;20;0;6;19;20;40;40;36;
1694167260;08.09.2023;10:01:00;20;31;20;0;6;19;20;40;40;36;
1694170860;08.09.2023;11:01:00;20;31;20;1;7;19;20;40;40;36;
1694174460;08.09.2023;12:01:00;19;31;20;1;7;19;20;40;40;36;
1694178060;08.09.2023;13:01:00;20;31;20;1;7;19;20;40;40;36;
1694181660;08.09.2023;14:01:00;20;31;20;1;8;19;20;40;40;36;
1694185260;08.09.2023;15:01:00;20;31;20;2;8;19;20;40;40;36;
1694188860;08.09.2023;16:01:00;20;32;20;3;9;19;20;40;40;36;
1694192460;08.09.2023;17:01:00;20;32;20;3;9;19;20;40;40;36;
1694196060;08.09.2023;18:01:00;20;32;20;3;9;19;20;40;40;36;
1694199660;08.09.2023;19:01:00;20;32;20;2;9;20;20;40;40;36;
1694203260;08.09.2023;20:01:00;20;32;20;2;9;19;20;40;40;36;
1694206860;08.09.2023;21:01:00;20;32;20;2;8;20;20;40;40;36;
1694210460;08.09.2023;22:01:00;20;31;20;2;8;20;20;40;40;36;
1694214060;08.09.2023;23:01:00;20;31;20;1;8;19;20;40;40;36;
1694217660;09.09.2023;00:01:00;20;31;20;1;7;19;20;40;40;36;
1694221260;09.09.2023;01:01:00;20;31;20;1;7;19;20;40;40;36;
1694224860;09.09.2023;02:01:00;20;31;20;1;7;19;20;40;40;36;
1694228460;09.09.2023;03:01:00;20;31;20;0;6;19;20;40;40;36;
1694232060;09.09.2023;04:01:00;20;31;20;0;6;19;20;40;40;36;
1694235660;09.09.2023;05:01:00;20;31;20;0;6;19;20;40;40;36;
1694239260;09.09.2023;06:01:00;20;31;20;0;6;19;20;40;40;36;
1694242860;09.09.2023;07:01:00;20;30;20;0;6;19;20;40;40;35;
1694246460;09.09.2023;08:01:00;20;30;20;0;6;19;20;40;40;36;
1694250060;09.09.2023;09:01:00;19;30;20;0;6;19;20;40;40;36;
1694253660;09.09.2023;10:01:00;19;30;20;0;6;19;20;40;40;36;
1694257260;09.09.2023;11:01:00;19;31;20;1;7;19;20;40;40;36;
1694260860;09.09.2023;12:01:00;20;31;20;1;7;19;20;40;40;36;
1694264460;09.09.2023;13:01:00;20;31;20;2;8;19;20;40;40;36;
1694268060;09.09.2023;14:01:00;20;31;20;2;8;19;20;40;40;36;
1694271660;09.09.2023;15:01:00;20;32;20;3;9;19;20;40;40;36;
1694275260;09.09.2023;16:01:00;20;32;20;3;10;20;20;40;40;36;
1694278860;09.09.2023;17:01:00;20;32;20;4;11;20;20;40;40;36;
1694282460;09.09.2023;18:01:00;20;32;20;4;10;20;20;40;40;36;
1694286060;09.09.2023;19:01:00;20;32;20;4;10;20;20;40;40;36;
1694289660;09.09.2023;20:01:00;20;32;20;3;10;20;20;40;40;35;
1694293260;09.09.2023;21:01:00;20;32;20;2;9;20;20;40;40;36;
1694296860;09.09.2023;22:01:00;20;31;20;1;8;20;20;40;40;36;
1694300460;09.09.2023;23:01:00;20;31;20;1;7;20;20;40;40;36;
1694304060;10.09.2023;00:01:00;20;31;20;1;7;20;20;40;40;36;
1694307660;10.09.2023;01:01:00;20;31;20;1;7;20;20;40;40;36;
1694311260;10.09.2023;02:01:00;20;31;20;1;7;20;20;40;40;35;
1694314860;10.09.2023;03:01:00;20;31;20;1;7;20;20;40;40;35;
1694318460;10.09.2023;04:01:00;20;31;20;1;7;20;20;40;40;35;
1694322060;10.09.2023;05:01:00;20;31;20;1;7;19;20;40;40;35;
1694325660;10.09.2023;06:01:00;20;31;20;1;7;20;20;40;40;35;
1694329260;10.09.2023;07:01:00;20;31;20;1;7;19;20;40;40;35;
1694332860;10.09.2023;08:01:00;20;31;20;0;7;19;20;40;40;35;
1694336460;10.09.2023;09:01:00;20;31;20;1;7;19;20;40;40;35;
1694340060;10.09.2023;10:01:00;20;31;20;1;7;19;20;40;40;35;
1694343660;10.09.2023;11:01:00;20;31;20;1;7;19;20;40;40;35;
1694347260;10.09.2023;12:01:00;20;31;20;1;7;20;20;40;40;35;
1694350860;10.09.2023;13:01:00;20;31;20;2;8;20;20;40;40;36;
1694354460;10.09.2023;14:01:00;20;32;20;3;10;20;20;40;40;36;
1694358060;10.09.2023;15:01:00;20;32;20;4;11;20;20;40;40;36;
1694361660;10.09.2023;16:01:00;20;33;21;5;12;20;20;40;40;36;
1694365260;10.09.2023;17:01:00;20;33;21;6;13;20;20;40;40;35;
1694368860;10.09.2023;18:01:00;20;33;21;5;12;20;20;40;40;35;
1694372460;10.09.2023;19:01:00;20;33;21;5;12;20;20;40;40;35;
1694376060;10.09.2023;20:01:00;20;33;21;4;11;20;20;40;40;35;
1694379660;10.09.2023;21:01:00;20;32;21;3;10;20;20;40;40;35;
1694383260;10.09.2023;22:01:00;20;32;21;3;10;20;20;40;40;35;
1694386860;10.09.2023;23:01:00;20;32;21;2;9;20;20;40;40;35;
1694390460;11.09.2023;00:01:00;20;32;21;2;9;20;20;40;40;35;
1694394060;11.09.2023;01:01:00;20;32;21;2;8;20;20;40;40;35;
1694397660;11.09.2023;02:01:00;20;32;20;2;8;20;20;40;40;36;
1694401260;11.09.2023;03:01:00;20;32;21;1;8;20;20;40;40;36;
1694404860;11.09.2023;04:01:00;20;32;20;1;7;20;20;40;40;36;
1694408460;11.09.2023;05:01:00;20;31;20;1;7;20;20;40;40;36;
1694412060;11.09.2023;06:01:00;20;31;20;1;7;20;20;40;40;36;
1694415660;11.09.2023;07:01:00;20;31;20;1;7;20;20;40;40;35;
1694419260;11.09.2023;08:01:00;20;31;20;1;7;20;20;40;40;35;
1694422860;11.09.2023;09:01:00;20;31;20;1;7;20;20;40;40;35;
1694426460;11.09.2023;10:01:00;20;31;20;1;7;20;20;40;40;36;
1694430060;11.09.2023;11:01:00;20;32;20;1;8;20;20;40;40;36;
1694433660;11.09.2023;12:01:00;20;32;20;2;8;20;20;40;40;36;
1694437260;11.09.2023;13:01:00;20;32;20;2;8;20;20;40;40;35;
1694440860;11.09.2023;14:01:00;20;32;20;2;8;20;20;40;40;36;
1694444460;11.09.2023;15:01:00;20;32;20;2;9;20;20;40;40;36;
1694448060;11.09.2023;16:01:00;20;32;20;2;9;20;20;40;40;36;
1694451660;11.09.2023;17:01:00;20;32;21;2;9;20;20;40;40;35;
1694455260;11.09.2023;18:01:00;20;32;20;2;9;20;20;40;40;36;
1694458860;11.09.2023;19:01:00;20;32;21;2;8;20;20;40;40;35;
1694462460;11.09.2023;20:01:00;20;32;20;2;8;20;20;40;40;35;
1694466060;11.09.2023;21:01:00;20;32;21;2;8;20;20;40;40;35;
1694469660;11.09.2023;22:01:00;20;32;21;2;8;20;20;40;40;35;
1694473260;11.09.2023;23:01:00;20;32;21;2;8;20;20;40;40;36;
1694476860;12.09.2023;00:01:00;20;32;21;2;8;20;20;40;40;35;
1694480460;12.09.2023;01:01:00;20;32;21;2;8;20;20;40;40;35;
1694484060;12.09.2023;02:01:00;20;32;21;2;8;20;20;40;40;35;
1694487660;12.09.2023;03:01:00;20;32;21;2;8;20;20;40;40;35;
1694491260;12.09.2023;04:01:00;20;32;20;2;8;20;20;40;40;35;
1694494860;12.09.2023;05:01:00;20;32;21;2;8;20;20;40;40;35;
1694498460;12.09.2023;06:01:00;20;32;21;2;8;20;20;40;40;35;
1694502060;12.09.2023;07:01:00;20;32;21;2;8;20;20;40;40;35;
1694505660;12.09.2023;08:01:00;20;32;21;2;8;20;20;40;40;35;
1694509260;12.09.2023;09:01:00;20;32;20;2;8;20;20;40;40;35;
1694512860;12.09.2023;10:01:00;20;32;20;2;8;20;20;40;40;35;
1694516460;12.09.2023;11:01:00;20;32;20;2;8;20;20;40;40;35;
1694520060;12.09.2023;12:01:00;20;32;21;3;9;20;20;40;40;35;
1694523660;12.09.2023;13:01:00;20;32;21;4;10;20;20;40;40;35;
1694527260;12.09.2023;14:01:00;20;33;21;5;12;20;21;40;40;35;
1694530860;12.09.2023;15:01:00;20;33;21;5;12;20;21;40;40;35;
1694534460;12.09.2023;16:01:00;20;33;21;6;13;20;21;40;40;35;
1694538060;12.09.2023;17:01:00;20;33;21;6;13;20;21;40;40;35;
1694541660;12.09.2023;18:01:00;20;33;21;5;12;20;21;40;40;35;
1694545260;12.09.2023;19:01:00;20;33;21;4;11;20;21;40;40;35;
1694548860;12.09.2023;20:01:00;20;33;21;4;10;20;21;40;40;35;
1694552460;12.09.2023;21:01:00;20;32;21;2;9;20;21;40;40;35;
1694556060;12.09.2023;22:01:00;20;32;21;1;7;20;21;40;40;35;
1694559660;12.09.2023;23:01:00;20;31;21;0;6;20;21;40;40;35;
1694563260;13.09.2023;00:01:00;20;31;21;0;5;20;21;40;40;35;
1694566860;13.09.2023;01:01:00;19;25;20;2;5;20;20;40;40;35;
1694570460;13.09.2023;02:01:00;19;25;19;1;4;19;20;40;40;35;
1694574060;13.09.2023;03:01:00;19;24;19;1;4;19;20;40;40;35;
1694577660;13.09.2023;04:01:00;18;24;19;1;4;19;19;40;40;35;
1694581260;13.09.2023;05:01:00;18;24;19;0;3;18;19;40;40;35;
1694584860;13.09.2023;06:01:00;18;23;18;0;3;18;19;40;40;35;
1694588460;13.09.2023;07:01:00;18;23;18;0;3;18;19;40;40;35;
1694592060;13.09.2023;08:01:00;17;17;18;4;3;18;19;40;40;35;
1694595660;13.09.2023;09:01:00;17;22;17;1;4;17;18;40;40;35;
1694599260;13.09.2023;10:01:00;17;22;18;1;4;17;18;40;40;35;
1694602860;13.09.2023;11:01:00;17;23;18;2;5;17;18;40;40;35;
1694606460;13.09.2023;12:01:00;17;28;18;0;6;18;18;40;40;35;
1694610060;13.09.2023;13:01:00;18;29;19;1;7;18;19;40;40;36;
1694613660;13.09.2023;14:01:00;19;30;19;2;8;18;19;40;40;36;
1694617260;13.09.2023;15:01:00;19;31;19;3;9;19;19;40;40;36;
1694620860;13.09.2023;16:01:00;19;31;20;3;10;19;19;40;40;36;
1694624460;13.09.2023;17:01:00;19;32;20;3;10;19;20;40;40;36;
1694628060;13.09.2023;18:01:00;20;32;20;3;10;19;20;40;40;35;
1694631660;13.09.2023;19:01:00;20;31;20;2;8;19;20;40;40;35;
1694635260;13.09.2023;20:01:00;20;31;20;1;7;19;20;40;40;35;
1694638860;13.09.2023;21:01:00;20;31;20;0;6;19;20;40;40;35;
1694642460;13.09.2023;22:01:00;19;26;20;1;5;19;20;40;40;35;
1694646060;13.09.2023;23:01:00;19;25;19;1;4;19;20;40;40;35;
1694649660;14.09.2023;00:01:00;18;24;19;1;4;19;19;40;40;35;
1694653260;14.09.2023;01:01:00;18;23;19;0;3;18;19;40;40;35;
1694656860;14.09.2023;02:01:00;18;23;18;0;3;18;19;40;40;35;
1694660460;14.09.2023;03:01:00;17;17;17;3;3;18;19;40;40;35;
1694664060;14.09.2023;04:01:00;16;17;17;3;3;17;18;40;40;35;
1694667660;14.09.2023;05:01:00;16;16;17;4;3;17;18;40;40;35;
1694671260;14.09.2023;06:01:00;16;16;16;4;3;17;18;40;40;35;
1694674860;14.09.2023;07:01:00;16;16;16;4;3;16;17;40;40;35;
1694678460;14.09.2023;08:01:00;15;16;16;4;4;16;17;40;40;35;
1694682060;14.09.2023;09:01:00;16;21;16;0;3;16;17;40;40;36;
1694685660;14.09.2023;10:01:00;16;22;17;0;4;16;17;40;40;35;
1694689260;14.09.2023;11:01:00;17;22;17;1;4;17;18;40;40;35;
1694692860;14.09.2023;12:01:00;17;23;17;2;5;17;18;40;40;36;
1694696460;14.09.2023;13:01:00;17;28;18;0;6;17;18;40;40;36;
1694700060;14.09.2023;14:01:00;18;29;18;1;7;18;18;40;40;36;
1694703660;14.09.2023;15:01:00;18;30;19;2;8;18;19;40;40;36;
1694707260;14.09.2023;16:01:00;19;30;19;2;9;18;19;40;40;36;
1694710860;14.09.2023;17:01:00;19;31;19;2;9;19;19;40;40;36;
1694714460;14.09.2023;18:01:00;19;31;19;2;9;19;19;40;40;36;
1694718060;14.09.2023;19:01:00;19;31;19;2;8;19;19;40;40;36;
1694721660;14.09.2023;20:01:00;19;30;20;1;7;19;20;40;40;36;
1694725260;14.09.2023;21:01:00;19;30;20;0;6;19;20;40;40;36;
1694728860;14.09.2023;22:01:00;19;30;20;0;6;19;20;40;40;36;
1694732460;14.09.2023;23:01:00;19;30;20;0;5;19;20;40;40;36;
1694736060;15.09.2023;00:01:00;19;30;20;0;5;19;20;40;40;36;
1694739660;15.09.2023;01:01:00;19;25;19;2;5;19;19;40;40;35;
1694743260;15.09.2023;02:01:00;18;24;19;2;5;18;19;40;40;36;
1694746860;15.09.2023;03:01:00;18;24;18;2;5;18;19;40;40;35;
1694750460;15.09.2023;04:01:00;18;24;18;2;5;18;19;40;40;35;
1694754060;15.09.2023;05:01:00;18;24;18;2;5;18;19;40;40;35;
1694757660;15.09.2023;06:01:00;18;24;18;2;5;18;19;40;40;35;
1694761260;15.09.2023;07:01:00;18;24;18;2;5;18;19;40;40;35;
1694764860;15.09.2023;08:01:00;18;24;18;2;5;18;19;40;40;35;
1694768460;15.09.2023;09:01:00;17;24;18;2;6;18;19;40;40;35;
1694772060;15.09.2023;10:01:00;18;29;18;0;6;18;19;40;40;35;
1694775660;15.09.2023;11:01:00;18;29;19;0;6;18;19;40;40;36;
1694779260;15.09.2023;12:01:00;19;30;19;0;6;18;19;40;40;36;
1694782860;15.09.2023;13:01:00;19;30;19;1;7;19;19;40;40;36;
1694786460;15.09.2023;14:01:00;19;30;19;1;7;19;19;40;40;36;
1694790060;15.09.2023;15:01:00;19;31;20;1;8;19;19;40;40;36;
1694793660;15.09.2023;16:01:00;19;31;20;2;8;19;20;40;40;36;
1694797260;15.09.2023;17:01:00;19;31;20;2;8;19;20;40;40;36;
1694800860;15.09.2023;18:01:00;19;31;20;1;7;19;20;40;40;35;
1694804460;15.09.2023;19:01:00;19;31;20;1;7;19;20;40;40;35;
1694808060;15.09.2023;20:01:00;19;31;20;1;7;19;20;40;40;35;
1694811660;15.09.2023;21:01:00;19;31;20;0;6;19;20;40;40;35;
1694815260;15.09.2023;22:01:00;19;30;20;0;6;19;20;40;40;35;
1694818860;15.09.2023;23:01:00;19;30;20;0;5;19;20;40;40;35;
1694822460;16.09.2023;00:01:00;19;30;20;0;5;19;20;40;40;36;
1694826060;16.09.2023;01:01:00;19;30;20;0;5;19;20;40;40;35;
1694829660;16.09.2023;02:01:00;19;30;20;0;5;19;20;40;40;35;
1694833260;16.09.2023;03:01:00;19;30;20;0;5;19;20;40;40;36;
1694836860;16.09.2023;04:01:00;19;30;20;0;5;19;20;40;40;36;
1694840460;16.09.2023;05:01:00;19;30;20;0;5;19;20;40;40;35;
1694844060;16.09.2023;06:01:00;19;25;19;2;5;19;20;40;40;35;
1694847660;16.09.2023;07:01:00;18;24;19;3;6;19;19;40;40;35;
1694851260;16.09.2023;08:01:00;18;24;19;2;6;18;19;40;40;35;
1694854860;16.09.2023;09:01:00;19;29;19;0;5;18;19;40;40;35;
1694858460;16.09.2023;10:01:00;19;30;19;0;6;19;19;40;40;36;
1694862060;16.09.2023;11:01:00;19;30;20;1;7;19;20;40;40;36;
1694865660;16.09.2023;12:01:00;19;31;20;1;7;19;20;40;40;36;
1694869260;16.09.2023;13:01:00;19;31;20;1;7;19;20;40;40;36;
1694872860;16.09.2023;14:01:00;19;31;20;2;8;19;20;40;40;36;
1694876460;16.09.2023;15:01:00;20;31;20;3;9;19;20;40;40;36;
1694880060;16.09.2023;16:01:00;20;32;20;3;10;19;20;40;40;36;
1694883660;16.09.2023;17:01:00;20;32;20;3;10;19;20;40;40;35;
1694887260;16.09.2023;18:01:00;20;32;20;2;9;20;20;40;40;35;
1694890860;16.09.2023;19:01:00;20;31;20;1;8;20;20;40;40;35;
1694894460;16.09.2023;20:01:00;20;31;20;1;7;20;20;40;40;35;
1694898060;16.09.2023;21:01:00;20;31;20;0;6;19;20;40;40;35;
1694901660;16.09.2023;22:01:00;20;30;20;0;5;19;20;40;40;35;
1694905260;16.09.2023;23:01:00;19;30;20;0;5;19;20;40;40;35;
1694908860;17.09.2023;00:01:00;19;25;19;2;5;19;20;40;40;35;
1694912460;17.09.2023;01:01:00;19;24;19;1;4;19;19;40;40;35;
1694916060;17.09.2023;02:01:00;18;24;19;1;4;19;19;40;40;35;
1694919660;17.09.2023;03:01:00;18;23;19;0;3;18;19;40;40;35;
1694923260;17.09.2023;04:01:00;18;18;18;3;3;18;19;40;40;35;
1694926860;17.09.2023;05:01:00;17;17;17;3;3;18;19;40;40;35;
1694930460;17.09.2023;06:01:00;16;17;17;3;3;17;18;40;40;35;
1694934060;17.09.2023;07:01:00;16;16;17;3;2;17;18;40;40;35;
1694937660;17.09.2023;08:01:00;16;16;16;3;2;17;18;40;40;35;
1694941260;17.09.2023;09:01:00;16;16;16;3;3;16;17;40;40;35;
1694944860;17.09.2023;10:01:00;15;16;16;4;3;16;17;40;40;35;
1694948460;17.09.2023;11:01:00;16;21;16;1;4;16;17;40;40;35;
1694952060;17.09.2023;12:01:00;16;22;17;2;5;17;17;40;40;36;
1694955660;17.09.2023;13:01:00;17;28;18;0;6;17;18;40;40;36;
1694959260;17.09.2023;14:01:00;18;29;18;1;7;17;18;40;40;36;
1694962860;17.09.2023;15:01:00;18;30;19;2;8;18;19;40;40;36;
1694966460;17.09.2023;16:01:00;19;31;19;3;9;18;19;40;40;36;
1694970060;17.09.2023;17:01:00;19;31;19;3;9;19;19;40;40;36;
1694973660;17.09.2023;18:01:00;19;31;19;2;9;19;19;40;40;36;
1694977260;17.09.2023;19:01:00;19;31;20;1;8;19;19;40;40;35;
1694980860;17.09.2023;20:01:00;19;30;20;0;6;19;20;40;40;35;
1694984460;17.09.2023;21:01:00;19;30;20;0;5;19;20;40;40;35;
1694988060;17.09.2023;22:01:00;19;24;19;1;4;19;19;40;40;35;
1694991660;17.09.2023;23:01:00;18;24;19;1;4;18;19;40;40;35;
1694995260;18.09.2023;00:01:00;18;23;18;0;3;18;19;40;40;35;
1694998860;18.09.2023;01:01:00;18;23;18;0;3;18;19;40;40;35;
1695002460;18.09.2023;02:01:00;17;23;18;0;3;18;19;40;40;35;
1695006060;18.09.2023;03:01:00;17;23;18;0;3;18;19;40;40;35;
1695009660;18.09.2023;04:01:00;17;23;18;1;4;18;18;40;40;35;
1695013260;18.09.2023;05:01:00;17;23;18;1;4;17;18;40;40;35;
1695016860;18.09.2023;06:01:00;17;23;18;1;4;17;18;40;40;35;
1695020460;18.09.2023;07:01:00;17;23;18;2;4;17;18;40;40;35;
1695024060;18.09.2023;08:01:00;17;23;18;2;5;17;18;40;40;35;
1695027660;18.09.2023;09:01:00;17;23;18;2;5;17;18;40;40;35;
1695031260;18.09.2023;10:01:00;17;23;18;2;5;17;18;40;40;35;
1695034860;18.09.2023;11:01:00;17;23;18;2;5;17;18;40;40;35;
1695038460;18.09.2023;12:01:00;17;23;18;2;6;17;18;40;40;35;
1695042060;18.09.2023;13:01:00;17;28;18;0;6;17;18;40;40;35;
1695045660;18.09.2023;14:01:00;18;29;19;0;6;18;19;40;40;35;
1695049260;18.09.2023;15:01:00;18;29;19;0;6;18;19;40;40;35;
1695052860;18.09.2023;16:01:00;18;29;19;0;6;18;19;40;40;35;
1695056460;18.09.2023;17:01:00;19;29;19;0;5;18;19;40;40;35;
1695060060;18.09.2023;18:01:00;19;29;19;0;6;19;19;40;40;36;
1695063660;18.09.2023;19:01:00;19;30;19;0;6;19;19;40;40;36;
1695067260;18.09.2023;20:01:00;19;30;19;0;6;19;19;40;40;35;
1695070860;18.09.2023;21:01:00;19;30;19;0;6;19;19;40;40;35;
1695074460;18.09.2023;22:01:00;19;30;19;1;6;19;20;40;40;35;
1695078060;18.09.2023;23:01:00;19;30;19;1;7;19;20;40;40;36;
1695081660;19.09.2023;00:01:00;19;30;20;1;7;19;20;40;40;36;
1695085260;19.09.2023;01:01:00;19;30;20;0;7;19;20;40;40;36;
1695088860;19.09.2023;02:01:00;19;30;20;0;7;19;20;40;40;35;
1695092460;19.09.2023;03:01:00;19;31;20;0;7;19;20;40;40;36;
1695096060;19.09.2023;04:01:00;19;31;20;0;7;19;20;40;40;36;
1695099660;19.09.2023;05:01:00;19;31;20;0;6;19;20;40;40;36;
1695103260;19.09.2023;06:01:00;19;31;20;0;6;19;20;40;40;36;
1695106860;19.09.2023;07:01:00;19;31;20;0;7;19;20;40;40;36;
1695110460;19.09.2023;08:01:00;19;31;20;1;7;19;20;40;40;36;
1695114060;19.09.2023;09:01:00;19;31;20;1;7;19;20;40;40;35;
1695117660;19.09.2023;10:01:00;19;31;20;1;7;19;20;40;40;36;
1695121260;19.09.2023;11:01:00;19;31;20;1;7;19;20;40;40;36;
1695124860;19.09.2023;12:01:00;19;31;20;1;8;19;20;40;40;35;
1695128460;19.09.2023;13:01:00;20;31;20;2;8;19;20;40;40;35;
1695132060;19.09.2023;14:01:00;20;32;20;3;9;19;20;40;40;35;
1695135660;19.09.2023;15:01:00;20;32;20;3;10;19;20;40;40;35;
1695139260;19.09.2023;16:01:00;20;32;20;3;10;20;20;40;40;34;
1695142860;19.09.2023;17:01:00;20;32;20;3;9;20;20;40;40;35;
1695146460;19.09.2023;18:01:00;20;32;20;2;8;20;20;40;40;35;
1695150060;19.09.2023;19:01:00;20;31;20;1;8;20;20;40;40;35;
1695153660;19.09.2023;20:01:00;20;31;20;1;7;20;20;40;40;35;
1695157260;19.09.2023;21:01:00;20;31;20;0;6;20;20;40;40;35;
1695160860;19.09.2023;22:01:00;20;30;20;0;5;19;20;40;40;35;
1695164460;19.09.2023;23:01:00;19;30;20;0;5;19;20;40;40;35;
1695168060;20.09.2023;00:01:00;19;25;19;2;5;19;20;40;40;35;
1695171660;20.09.2023;01:01:00;19;24;19;2;5;19;20;40;40;35;
1695175260;20.09.2023;02:01:00;18;24;19;1;4;19;19;40;40;35;
1695178860;20.09.2023;03:01:00;18;23;19;1;4;18;19;40;40;34;
1695182460;20.09.2023;04:01:00;18;23;18;1;4;18;19;40;40;34;
1695186060;20.09.2023;05:01:00;18;23;18;0;3;18;19;40;40;34;
1695189660;20.09.2023;06:01:00;18;23;18;0;3;18;19;40;40;34;
1695193260;20.09.2023;07:01:00;18;23;18;0;3;18;19;40;40;34;
1695196860;20.09.2023;08:01:00;18;23;18;0;3;18;19;40;40;35;
1695200460;20.09.2023;09:01:00;17;23;18;1;4;18;19;40;40;34;
1695204060;20.09.2023;10:01:00;17;23;18;1;4;18;19;40;40;34;
1695207660;20.09.2023;11:01:00;17;23;18;2;5;18;18;40;40;34;
1695211260;20.09.2023;12:01:00;17;23;18;2;5;18;19;40;40;34;
1695214860;20.09.2023;13:01:00;18;29;18;0;6;18;19;40;40;34;
1695218460;20.09.2023;14:01:00;18;29;19;0;6;18;19;40;40;35;
1695222060;20.09.2023;15:01:00;19;30;19;0;6;19;19;40;40;35;
1695225660;20.09.2023;16:01:00;19;30;19;1;7;19;19;40;40;35;
1695229260;20.09.2023;17:01:00;19;30;19;0;7;19;19;40;40;35;
1695232860;20.09.2023;18:01:00;19;30;20;1;7;19;20;40;40;35;
1695236460;20.09.2023;19:01:00;19;30;20;1;7;19;20;40;40;36;
1695240060;20.09.2023;20:01:00;19;31;20;1;7;19;20;40;40;35;
1695243660;20.09.2023;21:01:00;19;31;20;1;7;19;20;40;40;35;
1695247260;20.09.2023;22:01:00;19;31;20;1;7;19;20;40;40;35;
1695250860;20.09.2023;23:01:00;19;31;20;1;7;19;20;40;40;35;
1695254460;21.09.2023;00:01:00;19;31;20;1;7;19;20;40;40;35;
1695258060;21.09.2023;01:01:00;19;31;20;1;7;19;20;40;40;35;
1695261660;21.09.2023;02:01:00;19;31;20;1;7;19;20;40;40;35;
1695265260;21.09.2023;03:01:00;19;31;20;1;7;19;20;40;40;35;
1695268860;21.09.2023;04:01:00;20;31;20;1;7;19;20;40;40;35;
1695272460;21.09.2023;05:01:00;20;31;20;1;7;19;20;40;40;35;
1695276060;21.09.2023;06:01:00;20;31;20;1;7;19;20;40;40;35;
1695279660;21.09.2023;07:01:00;20;31;20;1;8;19;20;40;40;35;
1695283260;21.09.2023;08:01:00;20;31;20;1;7;19;20;40;40;35;
1695286860;21.09.2023;09:01:00;20;31;20;1;7;20;20;40;40;35;
1695290460;21.09.2023;10:01:00;20;31;20;1;7;20;20;40;40;35;
1695294060;21.09.2023;11:01:00;20;31;20;1;8;20;20;40;40;35;
1695297660;21.09.2023;12:01:00;20;31;20;2;8;20;20;40;40;35;
1695301260;21.09.2023;13:01:00;20;32;20;2;8;20;20;40;40;35;
1695304860;21.09.2023;14:01:00;20;32;20;2;9;20;20;40;40;35;
1695308460;21.09.2023;15:01:00;20;32;20;2;9;20;20;40;40;35;
1695312060;21.09.2023;16:01:00;20;32;20;2;9;20;20;40;40;35;
1695315660;21.09.2023;17:01:00;20;32;20;2;9;20;20;40;40;34;
1695319260;21.09.2023;18:01:00;20;32;20;2;9;20;20;40;40;34;
1695322860;21.09.2023;19:01:00;20;32;20;2;8;20;20;40;40;34;
1695326460;21.09.2023;20:01:00;20;32;20;2;8;20;20;40;40;35;
1695330060;21.09.2023;21:01:00;20;32;20;2;8;20;20;40;40;35;
1695333660;21.09.2023;22:01:00;20;31;20;1;8;20;20;40;40;35;
1695337260;21.09.2023;23:01:00;20;31;20;1;8;20;20;40;40;35;
1695340860;22.09.2023;00:01:00;20;31;20;1;7;20;20;40;40;35;
1695344460;22.09.2023;01:01:00;20;31;20;1;7;20;20;40;40;35;
1695348060;22.09.2023;02:01:00;20;31;20;0;7;20;20;40;40;35;
1695351660;22.09.2023;03:01:00;20;31;20;0;6;20;20;40;40;35;
1695355260;22.09.2023;04:01:00;20;31;20;0;6;20;20;40;40;35;
1695358860;22.09.2023;05:01:00;20;31;20;0;6;20;20;40;40;35;
1695362460;22.09.2023;06:01:00;20;31;20;0;6;20;20;40;40;35;
1695366060;22.09.2023;07:01:00;20;31;20;0;6;20;20;40;40;35;
1695369660;22.09.2023;08:01:00;20;31;20;0;6;20;20;40;40;35;
1695373260;22.09.2023;09:01:00;20;31;20;0;6;20;20;40;40;35;
1695376860;22.09.2023;10:01:00;20;31;20;0;6;20;20;40;40;35;
1695380460;22.09.2023;11:01:00;20;31;20;0;6;20;20;40;40;35;
1695384060;22.09.2023;12:01:00;20;31;20;0;6;20;20;40;40;35;
1695387660;22.09.2023;13:01:00;20;31;20;1;7;20;20;40;40;35;
1695391260;22.09.2023;14:01:00;20;31;20;1;7;20;20;40;40;35;
1695394860;22.09.2023;15:01:00;20;32;20;2;8;20;20;40;40;35;
1695398460;22.09.2023;16:01:00;20;32;20;3;10;20;20;40;40;35;
1695402060;22.09.2023;17:01:00;20;32;21;3;10;20;20;40;40;35;
1695405660;22.09.2023;18:01:00;20;32;21;3;10;20;21;40;40;35;
1695409260;22.09.2023;19:01:00;20;32;21;3;9;20;21;40;40;34;
1695412860;22.09.2023;20:01:00;20;32;21;1;8;20;21;40;40;35;
1695416460;22.09.2023;21:01:00;20;31;21;1;7;20;21;40;40;35;
1695420060;22.09.2023;22:01:00;20;31;20;0;6;20;21;40;40;35;
1695423660;22.09.2023;23:01:00;20;31;20;0;5;20;20;40;40;35;
1695427260;23.09.2023;00:01:00;20;25;20;2;4;20;20;40;40;35;
1695430860;23.09.2023;01:01:00;19;25;19;1;4;19;20;40;40;35;
1695434460;23.09.2023;02:01:00;19;24;19;1;4;19;20;40;40;35;
1695438060;23.09.2023;03:01:00;18;24;19;0;3;19;19;40;40;35;
1695441660;23.09.2023;04:01:00;18;23;19;0;3;18;19;40;40;35;
1695445260;23.09.2023;05:01:00;18;23;19;0;3;18;19;40;40;35;
1695448860;23.09.2023;06:01:00;18;23;18;1;3;18;19;40;40;35;
1695452460;23.09.2023;07:01:00;18;23;18;1;4;18;19;40;40;35;
1695456060;23.09.2023;08:01:00;18;23;18;1;4;18;19;40;40;35;
1695459660;23.09.2023;09:01:00;18;23;18;1;4;18;19;40;40;35;
1695463260;23.09.2023;10:01:00;18;23;18;2;5;18;19;40;40;35;
1695466860;23.09.2023;11:01:00;18;24;18;2;5;18;19;40;40;35;
1695470460;23.09.2023;12:01:00;18;29;18;0;6;18;19;40;40;35;
1695474060;23.09.2023;13:01:00;18;30;19;1;7;18;19;40;40;35;
1695477660;23.09.2023;14:01:00;19;31;19;2;8;19;19;40;40;35;
1695481260;23.09.2023;15:01:00;19;31;20;2;9;19;20;40;40;35;
1695484860;23.09.2023;16:01:00;19;32;20;3;10;19;20;40;40;35;
1695488460;23.09.2023;17:01:00;20;32;20;3;9;19;20;40;40;35;
1695492060;23.09.2023;18:01:00;20;32;20;2;9;19;20;40;40;35;
1695495660;23.09.2023;19:01:00;20;31;20;2;8;19;20;40;40;35;
1695499260;23.09.2023;20:01:00;20;31;20;1;7;20;20;40;40;35;
1695502860;23.09.2023;21:01:00;20;31;20;0;6;20;20;40;40;35;
1695506460;23.09.2023;22:01:00;20;30;20;0;5;19;20;40;40;35;
1695510060;23.09.2023;23:01:00;19;25;19;1;4;19;20;40;40;35;
1695513660;24.09.2023;00:01:00;19;24;19;1;4;19;20;40;40;34;
1695517260;24.09.2023;01:01:00;18;24;19;0;3;19;19;40;40;34;
1695520860;24.09.2023;02:01:00;18;23;19;0;3;18;19;40;40;34;
1695524460;24.09.2023;03:01:00;17;18;18;3;3;18;19;40;40;34;
1695528060;24.09.2023;04:01:00;17;17;17;3;3;17;19;40;40;34;
1695531660;24.09.2023;05:01:00;16;17;17;3;2;17;18;40;40;35;
1695535260;24.09.2023;06:01:00;16;16;16;2;2;17;18;40;40;34;
1695538860;24.09.2023;07:01:00;16;16;16;2;2;17;18;40;40;34;
1695542460;24.09.2023;08:01:00;16;16;16;2;2;16;17;40;40;35;
1695546060;24.09.2023;09:01:00;15;16;16;2;2;16;17;40;40;35;
1695549660;24.09.2023;10:01:00;15;16;16;2;2;16;17;40;40;35;
1695553260;24.09.2023;11:01:00;15;15;16;3;3;16;17;40;40;35;
1695556860;24.09.2023;12:01:00;16;21;16;1;4;16;17;40;40;35;
1695560460;24.09.2023;13:01:00;16;22;17;2;6;16;18;40;40;36;
1695564060;24.09.2023;14:01:00;17;28;18;1;7;17;18;40;40;36;
1695567660;24.09.2023;15:01:00;18;29;18;1;8;18;19;40;40;36;
1695571260;24.09.2023;16:01:00;18;30;19;2;8;18;19;40;40;36;
1695574860;24.09.2023;17:01:00;19;30;19;2;8;18;19;40;40;35;
1695578460;24.09.2023;18:01:00;19;30;19;1;7;19;19;40;40;35;
1695582060;24.09.2023;19:01:00;19;30;19;1;7;19;19;40;40;35;
1695585660;24.09.2023;20:01:00;19;30;19;0;6;19;19;40;40;35;
1695589260;24.09.2023;21:01:00;19;30;20;0;6;19;20;40;40;35;
1695592860;24.09.2023;22:01:00;19;30;19;0;5;19;20;40;40;35;
1695596460;24.09.2023;23:01:00;19;30;20;0;5;19;20;40;40;36;
1695600060;25.09.2023;00:01:00;19;30;19;0;5;19;20;40;40;35;
1695603660;25.09.2023;01:01:00;19;30;20;0;5;19;20;40;40;35;
1695607260;25.09.2023;02:01:00;19;30;20;0;5;19;20;40;40;36;
1695610860;25.09.2023;03:01:00;19;30;20;0;6;19;20;40;40;35;
1695614460;25.09.2023;04:01:00;19;30;20;0;6;19;20;40;40;35;
1695618060;25.09.2023;05:01:00;19;30;20;0;6;19;20;40;40;35;
1695621660;25.09.2023;06:01:00;19;30;20;0;6;19;20;40;40;35;
1695625260;25.09.2023;07:01:00;19;30;20;0;6;19;20;40;40;35;
1695628860;25.09.2023;08:01:00;19;30;20;0;6;19;20;40;40;35;
1695632460;25.09.2023;09:01:00;19;30;20;0;6;19;20;40;40;35;
1695636060;25.09.2023;10:01:00;19;30;20;0;6;19;20;40;40;35;
1695639660;25.09.2023;11:01:00;19;30;20;0;6;19;20;40;40;35;
1695643260;25.09.2023;12:01:00;19;30;20;0;6;19;20;40;40;35;
1695646860;25.09.2023;13:01:00;19;30;20;1;7;19;20;40;40;35;
1695650460;25.09.2023;14:01:00;19;31;20;1;7;19;20;40;40;35;
1695654060;25.09.2023;15:01:00;20;31;20;1;7;19;20;40;40;35;
1695657660;25.09.2023;16:01:00;20;31;20;1;7;19;20;40;40;35;
1695661260;25.09.2023;17:01:00;20;31;20;1;7;19;20;40;40;35;
1695664860;25.09.2023;18:01:00;20;31;20;1;7;19;20;40;40;35;
1695668460;25.09.2023;19:01:00;20;31;20;1;7;20;20;40;40;35;
1695672060;25.09.2023;20:01:00;20;31;20;1;7;20;20;40;40;35;
1695675660;25.09.2023;21:01:00;20;31;20;1;7;20;20;40;40;35;
1695679260;25.09.2023;22:01:00;20;31;20;0;7;20;20;40;40;35;
1695682860;25.09.2023;23:01:00;20;31;20;0;6;20;20;40;40;35;
1695686460;26.09.2023;00:01:00;20;31;20;0;6;20;20;40;40;35;
1695690060;26.09.2023;01:01:00;20;30;20;0;5;19;20;40;40;35;
1695693660;26.09.2023;02:01:00;20;30;20;0;5;19;20;40;40;35;
1695697260;26.09.2023;03:01:00;20;30;20;0;5;19;20;40;40;35;
1695700860;26.09.2023;04:01:00;19;25;20;2;5;19;20;40;40;35;
1695704460;26.09.2023;05:01:00;19;25;19;2;5;19;20;40;40;35;
1695708060;26.09.2023;06:01:00;18;24;19;1;4;19;20;40;40;35;
1695711660;26.09.2023;07:01:00;18;24;19;1;4;19;19;40;40;34;
1695715260;26.09.2023;08:01:00;18;24;19;1;4;18;19;40;40;35;
1695718860;26.09.2023;09:01:00;18;24;18;1;4;18;19;40;40;35;
1695722460;26.09.2023;10:01:00;18;24;18;1;4;18;19;40;40;35;
1695726060;26.09.2023;11:01:00;18;24;18;2;5;18;19;40;40;35;
1695729660;26.09.2023;12:01:00;18;29;19;0;6;18;19;40;40;35;
1695733260;26.09.2023;13:01:00;19;30;19;1;7;19;19;40;40;36;
1695736860;26.09.2023;14:01:00;19;31;20;1;8;19;20;40;40;35;
1695740460;26.09.2023;15:01:00;19;31;20;2;8;19;20;40;40;35;
1695744060;26.09.2023;16:01:00;19;31;20;2;9;19;20;40;40;35;
1695747660;26.09.2023;17:01:00;20;31;20;2;9;19;20;40;40;35;
1695751260;26.09.2023;18:01:00;20;31;20;2;8;19;20;40;40;35;
1695754860;26.09.2023;19:01:00;20;31;20;1;8;19;20;40;40;35;
1695758460;26.09.2023;20:01:00;20;31;20;1;7;19;20;40;40;35;
1695762060;26.09.2023;21:01:00;20;31;20;0;6;20;20;40;40;35;
1695765660;26.09.2023;22:01:00;20;30;20;0;5;19;20;40;40;35;
1695769260;26.09.2023;23:01:00;19;25;20;2;5;19;20;40;40;35;
1695772860;27.09.2023;00:01:00;19;25;19;2;5;19;20;40;40;35;
1695776460;27.09.2023;01:01:00;18;24;19;2;5;19;20;40;40;35;
1695780060;27.09.2023;02:01:00;18;24;19;2;5;19;19;40;40;35;
1695783660;27.09.2023;03:01:00;18;24;19;2;5;18;19;40;40;35;
1695787260;27.09.2023;04:01:00;18;24;19;2;5;18;19;40;40;35;
1695790860;27.09.2023;05:01:00;18;24;18;2;5;18;19;40;40;35;
1695794460;27.09.2023;06:01:00;18;24;18;2;5;18;19;40;40;35;
1695798060;27.09.2023;07:01:00;18;24;18;2;5;18;19;40;40;34;
1695801660;27.09.2023;08:01:00;18;29;18;0;6;18;19;40;40;34;
1695805260;27.09.2023;09:01:00;19;29;19;0;5;18;19;40;40;35;
1695808860;27.09.2023;10:01:00;19;30;19;0;5;19;19;40;40;35;
1695812460;27.09.2023;11:01:00;19;30;19;0;6;19;20;40;40;35;
1695816060;27.09.2023;12:01:00;19;30;20;1;6;19;20;40;40;35;
1695819660;27.09.2023;13:01:00;19;31;20;1;7;19;20;40;40;35;
1695823260;27.09.2023;14:01:00;19;31;20;2;8;19;20;40;40;35;
1695826860;27.09.2023;15:01:00;20;32;20;2;9;19;20;40;40;35;
1695830460;27.09.2023;16:01:00;20;32;20;3;9;19;20;40;40;35;
1695834060;27.09.2023;17:01:00;20;32;20;3;9;19;20;40;40;34;
1695837660;27.09.2023;18:01:00;20;32;20;2;9;20;20;40;40;35;
1695841260;27.09.2023;19:01:00;20;32;20;2;8;20;20;40;40;34;
1695844860;27.09.2023;20:01:00;20;31;20;1;7;20;20;40;40;34;
1695848460;27.09.2023;21:01:00;20;31;20;0;6;20;20;40;40;35;
1695852060;27.09.2023;22:01:00;20;30;20;0;5;20;20;40;40;35;
1695855660;27.09.2023;23:01:00;20;30;20;0;5;20;20;40;40;35;
1695859260;28.09.2023;00:01:00;19;25;20;2;5;19;20;40;40;35;
1695862860;28.09.2023;01:01:00;19;25;19;2;5;19;20;40;40;35;
1695866460;28.09.2023;02:01:00;19;25;19;2;6;19;20;40;40;35;
1695870060;28.09.2023;03:01:00;18;29;19;0;6;19;19;40;40;35;
1695873660;28.09.2023;04:01:00;19;30;19;0;5;19;20;40;40;35;
1695877260;28.09.2023;05:01:00;19;25;20;2;5;19;20;40;40;35;
1695880860;28.09.2023;06:01:00;19;25;19;2;5;19;20;40;40;35;
1695884460;28.09.2023;07:01:00;18;24;19;2;5;19;19;40;40;35;
1695888060;28.09.2023;08:01:00;18;24;19;2;5;18;19;40;40;34;
1695891660;28.09.2023;09:01:00;18;24;19;2;5;18;19;40;40;34;
1695895260;28.09.2023;10:01:00;18;24;18;2;6;18;19;40;40;34;
1695898860;28.09.2023;11:01:00;18;29;19;0;6;18;19;40;40;34;
1695902460;28.09.2023;12:01:00;19;30;19;0;6;19;19;40;40;35;
1695906060;28.09.2023;13:01:00;19;31;20;1;7;19;20;40;40;35;
1695909660;28.09.2023;14:01:00;19;31;20;1;7;19;20;40;40;35;
1695913260;28.09.2023;15:01:00;19;31;20;1;7;19;20;40;40;35;
1695916860;28.09.2023;16:01:00;20;31;20;1;7;19;20;40;40;35;
1695920460;28.09.2023;17:01:00;20;31;20;1;8;19;20;40;40;35;
1695924060;28.09.2023;18:01:00;20;31;20;2;8;19;20;40;40;35;
1695927660;28.09.2023;19:01:00;20;31;20;1;7;20;20;40;40;34;
1695931260;28.09.2023;20:01:00;20;31;20;1;7;20;20;40;40;35;
1695934860;28.09.2023;21:01:00;20;31;20;0;6;20;20;40;40;34;
1695938460;28.09.2023;22:01:00;20;31;20;0;6;20;20;40;40;34;
1695942060;28.09.2023;23:01:00;20;31;20;0;6;20;20;40;40;35;
1695945660;29.09.2023;00:01:00;20;31;20;0;6;20;20;40;40;35;
1695949260;29.09.2023;01:01:00;20;31;20;0;6;20;20;40;40;34;
1695952860;29.09.2023;02:01:00;20;30;20;0;6;20;20;40;40;35;
1695956460;29.09.2023;03:01:00;20;31;20;0;6;20;20;40;40;34;
1695960060;29.09.2023;04:01:00;20;30;20;0;5;20;20;40;40;34;
1695963660;29.09.2023;05:01:00;20;30;20;0;5;20;20;40;40;35;
1695967260;29.09.2023;06:01:00;20;30;20;0;5;20;20;40;40;35;
1695970860;29.09.2023;07:01:00;20;30;20;0;5;20;20;40;40;34;
1695974460;29.09.2023;08:01:00;20;30;20;0;5;20;20;40;40;34;
1695978060;29.09.2023;09:01:00;20;30;20;0;5;20;20;40;40;34;
1695981660;29.09.2023;10:01:00;20;30;20;0;5;20;20;40;40;35;
1695985260;29.09.2023;11:01:00;20;30;20;0;6;20;20;40;40;34;
1695988860;29.09.2023;12:01:00;20;31;20;0;6;20;20;40;40;34;
1695992460;29.09.2023;13:01:00;20;31;20;1;6;20;20;40;40;35;
1695996060;29.09.2023;14:01:00;20;31;20;1;7;20;20;40;40;35;
1695999660;29.09.2023;15:01:00;20;31;20;1;7;20;20;40;40;35;
1696003260;29.09.2023;16:01:00;20;32;20;2;8;20;21;40;40;35;
1696006860;29.09.2023;17:01:00;20;32;21;2;8;20;21;40;40;34;
1696010460;29.09.2023;18:01:00;20;31;20;1;8;20;21;40;40;34;
1696014060;29.09.2023;19:01:00;20;32;21;1;7;20;21;40;40;34;
1696017660;29.09.2023;20:01:00;20;31;20;0;7;20;21;40;40;34;
1696021260;29.09.2023;21:01:00;20;31;20;0;6;20;21;40;40;34;
1696024860;29.09.2023;22:01:00;20;31;20;0;6;20;21;40;40;34;
1696028460;29.09.2023;23:01:00;20;31;20;0;5;20;21;40;40;34;
1696032060;30.09.2023;00:01:00;20;26;20;2;5;20;21;40;40;34;
1696035660;30.09.2023;01:01:00;19;25;20;2;5;19;20;40;40;34;
1696039260;30.09.2023;02:01:00;19;25;19;1;4;19;20;40;40;34;
1696042860;30.09.2023;03:01:00;19;24;19;1;4;19;20;40;40;34;
1696046460;30.09.2023;04:01:00;18;24;19;1;4;19;20;40;40;34;
1696050060;30.09.2023;05:01:00;18;24;19;1;4;19;20;40;40;34;
1696053660;30.09.2023;06:01:00;18;24;19;1;4;18;19;40;40;34;
1696057260;30.09.2023;07:01:00;18;24;19;1;4;18;19;40;40;34;
1696060860;30.09.2023;08:01:00;18;24;19;1;4;18;19;40;40;34;
1696064460;30.09.2023;09:01:00;18;24;19;0;4;18;19;40;40;34;
1696068060;30.09.2023;10:01:00;18;24;19;1;4;18;19;40;40;34;
1696071660;30.09.2023;11:01:00;18;24;18;2;5;18;19;40;40;35;
1696075260;30.09.2023;12:01:00;18;24;18;3;6;18;19;40;40;35;
1696078860;30.09.2023;13:01:00;19;30;19;0;6;18;19;40;40;35;
1696082460;30.09.2023;14:01:00;19;30;19;1;7;19;20;40;40;35;
1696086060;30.09.2023;15:01:00;19;31;20;1;8;19;20;40;40;35;
1696089660;30.09.2023;16:01:00;19;31;20;2;8;19;20;40;40;34;
1696093260;30.09.2023;17:01:00;20;31;20;2;9;19;20;40;40;34;
1696096860;30.09.2023;18:01:00;20;31;20;2;8;19;20;40;40;34;
1696100460;30.09.2023;19:01:00;20;31;20;1;7;20;20;40;40;34;
1696104060;30.09.2023;20:01:00;20;31;20;0;6;20;20;40;40;34;
1696107660;30.09.2023;21:01:00;20;30;20;0;5;20;20;40;40;34;
1696111260;30.09.2023;22:01:00;19;25;20;2;5;19;20;40;40;34;
1696114860;30.09.2023;23:01:00;19;25;19;1;4;19;20;40;40;34;
1696118460;01.10.2023;00:01:00;18;24;19;0;3;19;20;40;40;34;
1696122060;01.10.2023;01:01:00;18;23;19;0;3;19;19;40;40;34;
1696125660;01.10.2023;02:01:00;17;18;18;3;3;18;19;40;40;34;
1696129260;01.10.2023;03:01:00;17;17;17;3;3;18;19;40;40;34;
1696132860;01.10.2023;04:01:00;16;17;17;3;3;17;18;40;40;34;
1696136460;01.10.2023;05:01:00;16;16;17;3;3;17;18;40;40;34;
1696140060;01.10.2023;06:01:00;16;16;16;3;2;17;18;40;40;34;
1696143660;01.10.2023;07:01:00;16;16;16;2;2;17;18;40;40;34;
1696147260;01.10.2023;08:01:00;16;16;16;2;2;16;18;40;40;34;
1696150860;01.10.2023;09:01:00;16;16;16;2;2;16;17;40;40;34;
1696154460;01.10.2023;10:01:00;15;16;16;2;2;16;17;40;40;34;
1696158060;01.10.2023;11:01:00;15;16;16;3;3;16;17;40;40;35;
1696161660;01.10.2023;12:01:00;15;21;16;1;4;16;17;40;40;35;
1696165260;01.10.2023;13:01:00;16;22;17;2;5;16;18;40;40;35;
1696168860;01.10.2023;14:01:00;17;28;17;0;6;17;18;40;40;35;
1696172460;01.10.2023;15:01:00;18;29;18;0;6;17;19;40;40;35;
1696176060;01.10.2023;16:01:00;18;30;19;1;7;18;19;40;40;35;
1696179660;01.10.2023;17:01:00;18;30;19;1;7;18;19;40;40;35;
1696183260;01.10.2023;18:01:00;19;30;19;0;7;18;19;40;40;35;
1696186860;01.10.2023;19:01:00;19;30;19;0;6;19;20;40;40;35;
1696190460;01.10.2023;20:01:00;19;30;19;0;5;19;20;40;40;35;
1696194060;01.10.2023;21:01:00;19;24;19;1;5;19;20;40;40;34;
1696197660;01.10.2023;22:01:00;18;24;19;1;4;18;19;40;40;34;
1696201260;01.10.2023;23:01:00;18;24;18;1;4;18;19;40;40;34;
1696204860;02.10.2023;00:01:00;18;24;18;1;4;18;19;40;40;34;
1696208460;02.10.2023;01:01:00;18;24;18;1;4;18;19;40;40;34;
1696212060;02.10.2023;02:01:00;18;24;18;1;5;18;19;40;40;34;
1696215660;02.10.2023;03:01:00;18;24;18;2;5;18;19;40;40;34;
1696219260;02.10.2023;04:01:00;18;24;18;2;5;18;19;40;40;34;
1696222860;02.10.2023;05:01:00;18;24;18;2;5;18;19;40;40;34;
1696226460;02.10.2023;06:01:00;18;24;18;2;5;18;19;40;40;34;
1696230060;02.10.2023;07:01:00;18;24;18;2;5;18;19;40;40;34;
1696233660;02.10.2023;08:01:00;18;24;18;2;5;18;19;40;40;34;
1696237260;02.10.2023;09:01:00;18;24;18;2;5;18;19;40;40;34;
1696240860;02.10.2023;10:01:00;18;24;18;2;6;18;19;40;40;34;
1696244460;02.10.2023;11:01:00;18;29;18;0;6;18;19;40;40;35;
1696248060;02.10.2023;12:01:00;18;29;19;0;6;18;19;40;40;35;
1696251660;02.10.2023;13:01:00;19;30;19;1;7;19;19;40;40;35;
1696255260;02.10.2023;14:01:00;19;30;19;1;7;19;20;40;40;35;
1696258860;02.10.2023;15:01:00;19;31;20;2;8;19;20;40;40;35;
1696262460;02.10.2023;16:01:00;19;31;20;2;8;19;20;40;40;35;
1696266060;02.10.2023;17:01:00;19;31;20;2;8;19;20;40;40;34;
1696269660;02.10.2023;18:01:00;19;31;20;1;7;19;20;40;40;34;
1696273260;02.10.2023;19:01:00;19;31;20;0;6;19;20;40;40;34;
1696276860;02.10.2023;20:01:00;19;30;20;0;5;19;20;40;40;34;
1696280460;02.10.2023;21:01:00;19;25;20;1;5;19;20;40;40;34;
1696284060;02.10.2023;22:01:00;19;24;19;1;4;19;20;40;40;34;
1696287660;02.10.2023;23:01:00;18;24;19;1;4;19;19;40;40;34;
1696291260;03.10.2023;00:01:00;18;23;19;0;3;18;19;40;40;34;
1696294860;03.10.2023;01:01:00;18;23;18;0;3;18;19;40;40;34;
1696298460;03.10.2023;02:01:00;17;17;18;3;3;18;19;40;40;34;
1696302060;03.10.2023;03:01:00;16;17;17;3;3;17;18;40;40;34;
1696305660;03.10.2023;04:01:00;16;16;17;3;3;17;18;40;40;34;
1696309260;03.10.2023;05:01:00;16;16;16;3;3;17;18;40;40;34;
1696312860;03.10.2023;06:01:00;16;16;16;3;3;16;18;40;40;34;
1696316460;03.10.2023;07:01:00;16;16;16;4;3;16;18;40;40;34;
1696320060;03.10.2023;08:01:00;15;16;16;3;3;16;17;40;40;34;
1696323660;03.10.2023;09:01:00;15;16;16;4;3;16;17;40;40;34;
1696327260;03.10.2023;10:01:00;15;16;16;4;4;16;17;40;40;34;
1696330860;03.10.2023;11:01:00;16;21;16;0;3;16;17;40;40;34;
1696334460;03.10.2023;12:01:00;16;22;17;1;4;17;18;40;40;34;
1696338060;03.10.2023;13:01:00;17;23;17;2;5;17;18;40;40;35;
1696341660;03.10.2023;14:01:00;17;28;18;0;6;17;18;40;40;35;
1696345260;03.10.2023;15:01:00;18;29;18;1;7;18;19;40;40;35;